516
546
707
373
536
677
584
555
552
1005
295
1334
390
599
712
542
551
317
429
593
468
533
563
583
482
501
886
580
623
745
421
595
506
637
476
336
540
535
726
774
588
416
475
560
408
400
535
402
415
552
481
658
446
558
629
533
302
471
391
417
629
371
451
570
502
441
836
400
585
426
609
606
510
586
297
630
327
434
885
577
633
531
564
679
1052
540
434
387
808
574
445
533
373
403
672
518
214
699
596
573
798
563
387
574
708
404
502
445
657
479
612
477
398
628
556
525
814
598
625
393
803
787
746
519
386
497
326
432
602
383
379
387
539
630
455
567
535
374
565
627
828
376
684
614
266
872
554
370
753
451
543
621
467
396
685
418
623
691
409
751
491
739
299
451
530
616
649
462
577
804
622
499
378
547
760
716
617
495
501
430
721
543
729
908
634
320
508
767
579
522
752
457
775
535
324
551
490
546
288
296
437
553
506
758
536
847
537
715
857
547
355
868
593
465
708
313
803
891
473
457
691
455
514
574
429
529
541
597
563
865
627
469
742
607
744
429
500
588
904
879
729
300
713
453
565
623
483
539
580
500
566
715
421
760
928
416
636
437
686
419
261
522
491
839
353
755
657
486
414
426
586
413
574
812
372
502
567
442
648
490
558
793
609
545
629
405
640
557
417
312
813
415
331
535
478
699
453
688
526
680
599
555
377
395
572
667
582
729
423
403
392
1045
646
550
710
646
493
529
327
531
448
629
689
477
614
737
874
559
413
864
354
492
500
388
531
522
503
446
429
353
830
406
653
763
544
420
599
367
332
194
493
508
670
416
258
655
778
694
329
598
383
597
414
572
390
482
736
712
568
529
424
544
516
532
495
366
299
396
400
471
688
490
806
591
568
684
706
759
554
471
439
330
578
629
540
501
404
616
423
763
807
654
687
634
555
724
481
419
507
503
706
892
635
578
315
432
347
581
411
839
702
521
758
528
668
593
672
822
779
228
854
716
402
533
528
592
490
275
400
349
397
240
366
392
501
564
623
244
450
726
662
327
472
547
439
753
306
712
568
212
431
861
491
893
571
432
558
767
466
322
384
754
548
446
485
410
321
610
300
694
773
854
409
734
792
510
824
698
557
493
783
539
641
688
391
747
701
496
277
363
280
407
392
633
977
707
750
415
680
670
487
624
261
393
592
426
758
468
806
598
1127
509
434
562
577
393
529
389
617
475
511
802
221
711
609
673
679
656
728
602
386
474
558
919
464
899
634
431
547
679
402
392
564
808
398
295
754
476
517
597
556
465
656
674
460
405
840
770
714
767
1018
400
657
657
492
788
630
370
546
456
474
466
454
497
953
621
714
422
984
382
414
973
865
848
1151
472
1110
785
603
458
761
527
670
372
465
434
412
329
296
613
535
797
831
536
374
702
412
668
862
516
664
618
508
304
721
418
348
494
513
471
286
623
488
605
483
602
641
541
608
805
332
460
873
525
408
516
639
377
864
795
803
669
401
936
546
553
246
415
582
725
499
407
546
425
407
497
1093
606
650
367
765
799
587
429
488
847
346
329
364
758
1010
612
311
541
598
739
534
991
286
856
586
303
374
659
503
488
604
719
410
606
537
596
502
563
520
441
472
448
610
359
830
401
507
443
797
484
433
439
282
554
922
515
269
599
1105
542
655
672
324
301
737
454
576
805
702
483
731
679
456
296
717
536
605
1076
532
459
289
789
331
476
581
445
608
595
739
453
728
425
699
802
708
547
1002
488
641
685
462
374
344
763
805
252
1017
433
672
583
418
327
556
719
713
456
795
387
587
510
356
799
618
300
609
559
522
410
475
401
416
251
603
840
900
614
633
783
688
430
420
545
668
252
524
454
875
629
376
625
658
664
839
512
476
663
912
788
350
856
468
497
492
615
750
579
569
256
371
651
753
842
583
666
238
541
394
372
692
575
448
648
443
601
633
705
813
1137
680
384
793
483
288
403
789
462
806
532
735
520
716
249
631
396
791
803
623
533
508
432
422
815
251
431
871
799
530
376
338
232
634
519
509
457
457
938
343
655
769
641
574
415
371
253
675
541
691
532
460
608
891
755
517
612
585
720
587
249
564
593
703
520
382
505
559
417
553
232
432
361
652
616
469
317
890
756
299
567
881
523
608
1038
645
722
411
285
461
548
333
767
571
663
656
483
376
429
278
525
552
727
871
575
407
487
269
569
411
305
708
376
574
411
652
357
590
386
275
570
343
386
278
471
489
597
781
668
824
554
474
658
444
557
525
392
376
637
286
660
411
607
723
771
638
476
285
890
562
454
596
750
542
870
614
425
328
774
469
729
602
384
554
547
535
748
478
477
801
710
495
622
729
778
517
542
616
462
294
568
269
387
328
495
592
360
815
454
549
561
850
737
958
298
457
630
721
535
516
479
268
556
402
602
473
498
456
577
351
308
474
443
516
571
616
616
408
401
459
666
649
657
396
889
387
700
719
661
348
262
500
624
458
372
710
549
685
459
384
547
396
436
429
617
507
567
382
350
483
368
805
568
880
890
707
315
274
467
871
355
490
466
883
429
589
486
429
462
594
982
575
545
498
610
307
494
498
591
334
385
479
535
618
457
754
506
436
451
614
446
567
564
563
689
586
439
537
540
531
556
518
663
570
690
541
618
471
496
443
517
658
1044
559
564
492
647
847
790
704
716
456
674
637
398
622
694
619
613
428
521
414
508
560
577
548
531
586
318
784
534
792
416
536
493
509
777
403
502
691
557
493
331
826
377
498
249
686
473
564
532
238
580
647
517
517
649
295
579
505
882
495
513
346
427
640
497
712
529
738
540
722
460
521
498
506
729
545
435
936
404
662
688
442
474
445
591
606
654
374
495
462
654
683
248
375
345
487
481
530
347
502
836
808
417
464
615
741
766
664
274
1193
1036
438
546
805
456
691
396
671
393
564
496
536
404
757
372
278
491
271
517
609
422
431
524
743
649
728
761
456
651
587
282
718
648
490
567
561
344
563
455
699
600
523
677
750
268
414
531
580
578
491
516
380
634
872
385
568
275
821
303
630
665
794
787
627
711
637
405
869
491
812
764
568
1050
668
364
441
517
373
355
669
482
737
411
530
593
465
504
374
415
841
483
417
723
724
398
338
527
396
442
449
555
638
946
631
251
479
323
353
741
690
414
678
440
588
676
821
511
467
853
501
222
378
911
542
578
380
488
378
498
673
344
443
732
303
247
563
496
398
530
456
838
650
607
564
616
701
586
482
786
855
410
556
273
383
407
886
409
793
723
499
531
661
626
453
732
692
707
330
535
594
499
599
701
549
688
491
423
933
591
316
487
682
313
474
448
758
677
578
554
692
487
607
431
547
519
468
276
414
928
664
496
756
568
580
696
350
481
658
486
647
487
473
981
414
385
388
548
669
647
416
637
506
317
351
341
980
755
367
360
687
540
751
551
430
645
449
504
441
434
503
236
428
376
364
801
588
714
650
421
332
691
257
820
511
379
538
391
442
376
449
507
489
890
597
715
323
429
431
364
616
478
503
354
279
318
657
562
1047
491
635
434
696
650
378
533
498
893
566
822
375
658
839
416
897
639
485
624
560
237
678
662
615
585
467
244
379
585
609
877
658
375
739
411
405
648
393
471
399
412
495
509
366
674
570
505
452
655
353
495
272
729
636
443
351
591
471
962
542
475
711
569
484
389
790
659
440
453
447
381
629
442
660
330
505
236
481
506
510
412
635
484
535
485
472
396
344
634
568
537
546
746
484
459
323
466
916
555
450
729
765
557
308
566
585
245
247
754
764
876
432
668
371
495
411
412
375
480
748
624
756
816
413
413
537
612
552
453
306
463
533
788
355
281
966
770
583
340
545
371
507
590
280
261
653
982
811
431
361
482
409
613
655
380
629
355
723
630
636
632
498
674
507
343
524
506
580
642
274
644
631
545
453
348
334
394
469
824
510
532
262
718
241
500
253
353
606
616
434
494
681
662
716
605
497
625
373
594
235
341
348
600
500
424
264
642
582
654
444
568
669
871
397
554
713
730
646
345
624
450
495
804
351
628
481
471
374
549
620
441
369
444
719
415
460
447
421
568
584
680
712
463
1093
595
486
622
812
590
525
405
609
646
405
715
756
514
283
410
442
544
819
656
361
511
485
741
272
523
691
442
576
457
749
428
630
440
478
463
658
464
605
608
395
673
677
470
429
478
571
434
641
655
787
634
731
296
539
500
596
558
542
478
453
567
707
554
457
628
580
557
664
653
610
635
683
571
382
999
458
440
646
782
818
434
424
595
749
831
857
440
542
816
750
603
668
466
512
337
374
690
639
245
466
523
528
636
436
667
424
416
338
670
662
550
500
389
609
668
884
483
509
775
799
525
487
600
671
691
392
468
653
630
631
536
444
475
637
455
308
479
639
355
558
779
470
463
393
771
763
369
501
700
651
482
651
711
763
500
617
702
688
426
534
776
592
428
529
943
980
749
301
705
421
792
499
518
560
404
557
702
528
454
393
479
395
525
483
465
451
700
454
497
864
226
523
673
661
402
563
502
471
762
439
572
368
434
484
702
667
570
820
628
405
421
792
428
532
475
496
430
457
413
494
341
636
539
315
907
453
958
543
609
471
659
683
894
750
648
741
903
729
431
692
698
280
892
373
392
635
493
581
890
427
275
715
634
503
689
640
734
523
333
665
544
490
518
522
618
486
504
497
438
554
570
408
622
490
454
551
290
399
515
1097
555
362
447
464
464
511
765
804
842
312
653
593
662
541
579
556
297
654
487
641
643
660
545
333
510
386
472
452
368
449
719
516
237
384
827
465
517
393
328
725
738
567
419
465
533
505
683
921
399
497
515
572
595
507
308
506
637
694
645
711
502
747
461
270
579
691
585
647
343
588
476
695
282
600
303
569
796
469
631
480
526
670
640
534
818
988
293
497
501
560
772
722
209
520
567
496
467
480
601
664
985
651
295
560
569
802
475
314
389
898
281
502
487
643
319
660
536
432
646
603
557
222
557
501
461
521
496
621
621
523
422
359
486
445
510
418
466
743
693
978
363
954
577
745
544
566
416
451
311
506
616
928
270
836
542
497
503
431
705
761
342
1113
633
422
456
833
467
653
585
734
386
565
769
392
388
553
593
521
565
587
535
592
713
747
515
485
545
359
850
689
760
760
360
661
313
861
499
730
778
396
510
264
534
661
553
663
657
478
303
819
480
320
680
874
573
498
410
579
726
553
611
763
268
320
916
637
545
590
563
454
617
449
394
297
477
633
383
583
305
373
532
596
349
602
410
438
505
510
394
758
651
477
639
741
312
561
909
451
769
784
455
424
457
507
433
905
519
877
349
487
479
396
266
381
432
580
673
325
845
508
667
662
631
523
401
373
675
592
345
492
437
487
504
521
505
485
356
410
511
591
545
719
266
469
368
375
322
730
439
280
665
302
269
337
266
256
446
431
508
470
458
361
617
733
537
673
892
505
614
489
495
479
555
439
624
536
681
725
460
297
728
423
767
605
584
307
504
463
687
591
321
433
526
391
627
601
428
313
634
569
871
517
468
1190
520
463
821
705
599
427
627
369
576
672
899
844
579
310
643
343
363
408
550
634
585
469
456
481
685
331
551
463
961
441
745
306
572
592
925
568
802
612
544
554
431
280
650
966
352
807
553
487
683
798
527
749
399
609
361
382
682
649
357
470
706
364
472
362
440
315
439
745
478
404
772
592
455
548
518
687
297
509
288
566
617
475
848
497
1030
898
410
562
607
578
390
372
584
396
549
612
590
722
565
481
558
849
492
527
387
464
547
436
295
484
654
481
615
578
766
456
551
435
391
832
648
537
600
281
743
513
731
365
515
775
431
352
719
724
501
450
250
210
445
303
333
592
440
548
840
448
401
615
438
413
493
386
338
682
577
746
526
561
509
599
878
328
772
269
488
495
407
827
350
513
360
331
425
460
447
470
244
484
705
565
527
302
422
677
463
337
489
577
543
688
654
499
431
450
635
371
539
515
564
753
434
533
480
639
353
323
428
434
507
363
304
945
784
558
407
446
314
814
523
499
733
513
433
772
604
666
788
602
685
493
684
756
345
649
451
407
475
666
503
388
540
244
364
699
593
408
449
620
540
587
320
608
550
624
583
783
788
273
235
651
413
426
626
299
618
562
516
561
464
440
584
457
697
540
624
513
568
550
371
514
432
542
669
860
577
674
622
701
732
902
451
496
550
311
446
554
521
245
477
629
444
440
600
873
414
298
583
527
571
574
615
970
524
305
652
477
565
405
697
905
520
667
427
575
392
387
369
364
664
534
301
270
336
381
418
582
558
588
471
475
468
717
733
660
520
532
762
875
356
515
377
520
440
672
519
527
372
329
731
709
584
305
406
689
519
632
794
268
605
518
1086
362
470
720
493
851
295
620
583
430
461
590
554
438
724
469
1287
466
785
549
597
308
391
602
413
552
330
658
583
518
726
834
693
557
529
649
324
335
824
268
542
642
384
409
613
455
963
515
742
811
440
902
464
553
514
439
438
740
439
313
633
358
645
720
738
601
437
566
418
489
446
252
365
339
522
601
716
814
528
327
469
572
756
434
573
658
411
504
430
718
397
426
390
738
444
600
355
833
535
805
569
697
601
233
921
639
380
412
689
510
818
690
559
440
319
498
432
485
778
328
279
593
481
687
487
251
628
464
525
553
628
650
737
735
740
603
481
596
233
645
417
517
295
543
537
584
951
309
620
560
678
807
605
537
514
544
470
536
740
302
588
392
478
1049
526
523
714
588
608
429
783
286
674
605
567
474
272
648
806
500
463
584
548
606
438
611
616
820
668
733
346
763
270
607
461
353
467
309
693
528
624
417
512
528
423
299
456
472
597
606
553
472
600
542
499
1041
474
711
364
608
477
498
622
392
830
869
518
522
671
444
394
383
425
445
537
693
775
625
574
479
645
546
322
1131
658
647
694
566
373
609
686
874
595
497
701
508
290
516
421
285
349
613
514
631
390
589
848
748
470
331
543
455
544
475
377
632
536
568
768
478
274
394
505
395
331
521
567
573
792
566
645
517
445
337
606
670
536
475
497
764
741
933
763
687
821
447
441
394
755
676
370
262
408
784
546
754
546
500
456
829
298
548
768
508
419
460
702
344
548
337
418
620
526
405
509
476
487
478
568
321
736
498
461
697
530
501
423
834
365
716
416
722
292
521
501
740
471
506
453
555
710
518
404
1007
657
529
645
447
677
496
516
501
869
525
629
324
363
520
426
478
714
470
452
394
529
530
257
269
346
481
316
685
616
578
457
427
747
463
313
436
758
700
743
771
570
539
592
512
536
412
674
356
720
714
539
361
491
610
452
368
443
431
313
725
381
399
930
521
704
1027
512
413
462
372
639
729
487
407
608
730
560
517
504
267
400
407
301
722
718
582
832
679
545
901
472
703
741
499
549
785
408
515
284
569
657
442
515
496
392
518
533
730
579
580
579
613
517
588
490
818
533
414
451
476
933
348
547
662
281
311
457
616
933
619
630
599
533
879
479
988
419
503
389
444
501
592
408
516
624
862
531
254
298
649
503
235
621
268
376
458
501
425
445
305
530
579
625
525
338
414
770
777
591
749
755
451
692
437
452
686
445
525
687
845
545
569
463
605
548
435
510
624
244
820
422
453
445
459
437
510
625
523
750
385
502
382
497
409
372
411
600
498
575
462
751
277
629
345
590
499
768
821
441
310
680
415
809
469
508
368
495
522
654
605
648
893
661
564
722
661
826
564
366
493
635
746
662
462
521
353
512
658
610
750
490
705
533
703
404
490
441
771
815
922
492
427
597
633
561
487
761
778
850
712
839
668
563
497
330
424
440
297
607
380
287
434
545
331
474
1091
501
468
501
386
468
458
501
444
683
448
689
481
563
559
628
406
632
571
706
422
611
624
678
544
594
900
490
449
473
702
541
729
692
553
272
582
546
640
653
547
728
755
753
344
456
782
557
498
574
723
505
634
439
580
247
547
801
497
287
508
721
545
590
487
977
536
428
446
518
440
454
313
422
789
509
598
366
522
535
499
495
521
565
499
493
589
471
610
694
488
509
550
775
339
485
447
397
1127
548
677
485
572
728
580
428
433
321
338
413
600
362
584
613
383
435
639
409
954
559
426
598
547
470
587
788
560
464
475
418
480
466
630
501
576
450
454
577
609
470
665
540
895
506
854
317
532
470
507
475
355
863
964
470
778
619
555
577
408
731
300
607
488
676
405
511
685
800
515
921
389
546
304
677
416
459
576
454
475
639
634
646
363
443
831
664
779
495
599
534
571
605
876
661
459
506
644
284
617
362
604
625
627
489
710
525
322
734
595
612
417
619
674
454
635
720
578
465
804
444
606
489
271
802
581
602
569
521
359
522
396
502
627
662
579
411
471
388
354
484
578
346
628
576
652
428
664
429
623
389
596
556
685
448
531
384
511
520
482
446
434
513
378
617
382
522
1001
428
228
587
949
453
477
292
342
589
391
597
520
530
530
544
353
405
324
576
424
600
507
745
688
521
685
847
381
679
536
623
826
495
269
975
614
460
435
508
538
396
779
760
270
939
507
642
772
942
735
570
447
460
588
574
622
569
411
519
519
479
587
809
496
389
547
259
502
427
507
541
732
484
579
518
543
420
490
651
396
671
625
460
360
989
805
584
428
512
788
584
668
538
377
408
566
530
763
586
370
633
745
656
836
639
690
670
451
754
650
411
308
382
347
464
711
562
383
614
353
575
229
565
672
714
506
602
527
508
429
737
489
737
218
512
339
687
454
549
595
801
400
395
642
696
339
437
331
552
346
696
469
1010
1136
603
436
483
552
264
426
562
544
513
683
276
476
564
462
479
876
529
365
982
356
387
788
623
1186
660
701
402
435
513
1121
1216
537
565
369
796
435
454
492
548
281
580
457
617
345
520
254
256
529
589
649
724
747
537
398
344
955
449
551
414
604
606
460
492
367
576
380
445
845
461
475
943
425
573
781
333
498
698
649
533
591
344
578
601
511
553
620
359
740
409
713
643
246
1073
735
595
859
547
555
732
778
605
358
759
917
786
454
690
367
269
232
442
852
370
552
512
485
674
599
471
357
858
301
792
815
734
455
620
483
408
258
547
548
668
604
556
635
420
719
516
460
602
425
611
527
561
737
638
341
810
713
614
498
517
680
428
645
815
540
296
653
812
743
445
384
468
398
545
359
474
394
368
659
762
498
660
501
566
442
604
490
529
416
325
662
299
429
838
606
603
375
519
777
516
680
371
462
745
515
387
539
673
839
735
951
789
364
395
926
427
606
690
549
779
526
402
316
594
707
660
792
455
645
586
619
520
576
479
403
619
394
827
807
507
754
516
509
573
645
506
695
692
580
535
664
333
365
684
562
601
973
649
578
294
589
539
529
551
761
777
771
823
484
536
686
416
607
430
620
924
521
479
723
992
965
587
367
561
463
439
517
444
621
705
379
561
456
531
805
627
645
266
277
669
437
418
530
829
348
1017
689
723
556
483
590
576
578
491
411
264
391
755
874
541
507
658
967
767
532
302
489
815
526
674
526
744
465
562
478
297
513
486
472
333
396
455
526
555
888
724
489
719
354
659
603
596
777
481
793
829
926
569
583
497
881
667
484
755
460
318
599
701
1039
451
459
658
305
404
798
618
719
590
464
724
691
532
524
673
781
667
335
423
482
832
259
618
396
326
634
583
466
422
278
419
409
508
729
583
424
723
215
573
585
357
463
818
430
668
523
368
500
384
514
412
607
462
470
515
552
412
479
392
419
443
578
509
458
385
473
650
489
561
512
668
670
464
673
359
311
421
485
421
605
446
402
611
430
379
949
440
449
600
418
289
536
396
603
592
823
403
534
693
528
813
681
458
312
559
649
463
493
337
953
724
458
742
370
474
355
654
536
650
728
626
425
452
699
278
504
959
405
652
536
535
463
222
324
384
906
653
593
496
771
374
711
420
588
427
455
603
662
269
987
1088
597
790
789
473
597
352
338
338
354
476
484
344
769
445
499
444
550
632
831
309
556
759
650
453
468
681
485
642
565
446
228
353
498
504
541
240
414
472
564
703
627
885
422
691
755
454
383
468
348
413
434
327
1032
438
759
789
405
708
655
781
637
301
429
507
475
605
541
644
467
635
844
414
713
403
580
494
972
701
422
1045
635
542
713
791
730
549
494
599
822
305
456
473
435
827
588
376
528
449
478
643
791
549
247
751
755
714
523
423
827
565
682
707
497
379
593
622
482
467
466
624
467
432
484
360
516
669
432
489
679
518
572
318
756
561
361
309
876
528
482
603
488
471
480
470
355
447
509
683
327
605
610
517
444
891
447
559
640
705
784
635
600
458
522
464
545
810
669
680
632
509
391
1040
946
405
334
334
769
552
528
733
886
742
426
466
1193
665
523
416
554
491
673
821
487
622
453
703
806
680
341
711
674
636
554
446
552
300
736
597
552
475
550
667
365
416
640
462
404
625
369
453
408
677
679
697
485
860
560
406
321
286
240
411
333
404
474
360
723
319
737
740
283
517
294
490
391
408
449
514
479
761
447
554
752
444
358
458
376
742
471
793
714
710
517
443
465
489
507
750
561
440
857
517
475
819
412
579
482
529
416
736
904
323
953
379
252
418
499
491
456
605
597
652
781
261
633
582
634
666
458
516
712
486
548
367
373
780
490
440
849
414
478
452
298
743
666
344
690
742
1010
746
453
551
575
739
725
784
563
592
700
588
565
784
507
455
426
392
641
464
538
458
636
339
643
1191
698
711
642
296
571
911
585
341
676
459
283
613
488
546
426
324
466
541
308
729
738
476
304
616
831
402
498
337
499
552
392
285
488
486
792
952
682
573
509
865
560
337
735
460
508
458
263
505
806
264
477
794
628
660
456
485
637
450
387
903
468
631
853
876
307
785
608
445
492
517
843
590
417
761
464
780
461
417
380
635
314
523
529
487
587
1188
666
498
584
690
456
534
638
752
592
403
529
532
574
616
541
648
417
486
811
516
607
802
646
720
572
513
727
576
446
634
555
744
553
482
769
682
566
892
682
458
418
662
423
628
428
752
594
567
593
312
566
380
568
364
440
361
544
461
655
579
646
861
557
730
648
274
502
516
551
959
465
389
268
572
727
357
935
638
547
385
676
532
533
369
438
292
563
688
825
379
319
742
507
618
714
670
495
511
923
635
391
505
441
509
389
392
392
612
438
831
697
400
589
534
495
715
581
763
537
228
622
684
442
358
433
533
504
495
314
644
673
403
524
854
315
473
517
287
372
621
610
516
742
481
515
533
305
826
529
561
551
271
384
567
731
651
1000
846
386
730
468
325
294
354
289
794
507
440
828
562
337
667
422
690
696
521
704
393
709
414
492
316
481
531
847
559
878
467
431
413
682
392
440
558
531
330
495
406
422
473
604
477
445
533
371
824
568
686
374
486
569
557
271
490
504
475
571
310
520
419
569
634
533
451
255
989
619
567
357
524
464
308
533
481
576
839
497
577
674
596
482
672
529
495
674
611
553
721
771
515
592
406
1030
626
727
609
367
838
561
771
497
580
627
606
513
745
751
535
659
491
534
495
333
625
409
456
313
500
533
256
624
775
505
700
273
839
613
531
585
763
609
661
614
519
584
717
558
591
402
432
522
460
373
924
445
830
402
362
550
471
733
347
230
716
502
439
440
549
752
530
625
707
508
427
438
507
525
569
586
326
491
543
886
508
438
528
412
348
411
820
250
718
401
352
741
357
590
501
363
377
494
423
430
536
669
469
455
776
316
533
551
523
687
341
553
943
506
503
658
362
523
652
423
675
504
541
586
735
485
475
608
250
331
693
513
504
603
414
569
429
472
567
615
891
702
592
387
575
851
744
561
617
574
519
542
933
378
747
727
809
528
603
714
485
470
684
747
365
679
478
744
427
417
632
502
615
258
650
1056
748
565
618
644
395
455
635
622
660
624
545
484
417
429
484
869
377
396
480
504
792
583
468
529
431
517
651
489
889
507
542
566
446
468
555
611
446
504
515
459
745
568
537
535
526
448
647
469
538
436
776
700
431
350
381
526
649
610
938
323
554
279
493
595
465
494
459
689
467
625
839
379
696
350
526
433
591
725
333
626
338
989
744
486
738
536
524
970
589
418
496
657
538
684
483
954
412
455
292
647
469
401
494
504
853
489
502
666
532
646
867
349
509
593
490
732
509
454
492
350
541
506
362
952
553
594
413
536
728
367
565
402
431
643
604
623
258
620
442
858
598
665
424
454
537
576
883
382
299
502
499
469
909
307
531
499
492
375
457
699
482
683
607
384
386
1030
590
584
392
378
299
351
749
513
484
693
404
450
641
534
488
610
583
454
628
305
856
275
560
307
577
319
599
452
439
368
335
403
430
719
625
929
632
804
518
482
645
500
381
772
497
639
575
461
467
449
564
673
588
772
428
500
555
438
754
457
833
781
610
412
908
403
549
410
573
492
737
714
569
509
591
499
585
604
311
546
380
626
353
402
712
450
600
256
594
509
516
626
729
610
816
618
440
346
705
360
527
792
578
367
417
247
542
668
477
776
462
620
499
585
442
433
460
542
644
631
496
501
502
493
453
603
564
854
446
732
489
486
571
617
354
521
538
271
680
605
500
423
717
533
452
612
389
926
511
985
723
440
306
705
685
500
596
476
444
589
364
416
571
560
637
535
340
405
838
496
468
590
545
760
1016
963
539
464
1068
651
462
588
912
523
469
685
490
478
890
378
519
503
780
595
595
386
679
248
838
665
502
584
823
606
507
598
462
334
659
418
663
635
415
387
519
461
541
416
620
287
364
377
582
553
524
798
559
595
369
723
485
467
446
654
561
415
623
511
746
656
498
667
389
509
309
506
601
571
579
538
245
571
570
523
781
465
378
447
412
490
369
472
530
434
518
506
306
751
585
906
453
832
561
285
358
479
660
296
517
406
553
682
415
614
282
674
753
551
322
387
583
538
336
480
587
559
416
355
412
532
579
255
344
709
550
588
490
618
702
354
534
517
628
538
554
1098
492
708
479
421
630
788
445
654
950
542
455
722
326
647
614
526
569
594
396
501
363
528
908
553
539
556
862
555
346
367
762
565
649
318
516
350
377
240
321
478
587
221
661
354
684
591
528
672
429
461
316
673
492
647
523
595
551
589
350
603
718
580
475
382
350
522
777
305
348
262
791
691
251
433
443
741
494
601
536
603
488
517
709
824
386
687
477
620
445
626
444
548
691
568
480
638
846
331
702
582
718
648
499
378
562
657
671
550
486
626
959
433
513
848
620
808
286
664
559
530
502
586
483
292
451
510
521
568
505
476
793
598
502
773
431
671
624
317
353
349
313
768
919
390
321
648
738
457
719
578
520
408
615
951
598
371
698
539
570
519
816
277
492
581
980
850
626
840
594
355
408
451
544
543
737
725
509
567
519
333
557
650
544
401
529
612
539
571
269
468
300
693
492
457
596
436
484
548
432
286
806
477
788
551
698
813
566
233
430
444
452
621
798
241
462
810
544
555
519
935
397
599
567
842
454
686
666
865
936
837
450
568
780
323
514
534
609
484
489
667
1006
417
384
451
459
585
680
571
745
520
453
653
685
573
559
555
570
642
660
588
533
626
611
261
606
446
322
768
701
582
990
592
643
389
588
291
742
714
549
487
462
794
573
459
340
381
500
487
741
502
1067
673
595
474
1006
478
796
396
762
497
359
874
789
245
495
463
602
680
472
604
607
718
760
883
336
259
553
601
296
522
479
695
747
660
580
342
496
640
792
637
765
519
518
596
937
310
860
537
606
858
661
544
506
264
647
569
237
818
705
880
241
679
324
749
586
455
650
577
523
268
517
614
485
455
571
719
342
738
508
588
724
816
824
433
373
492
723
549
604
760
757
504
459
356
553
511
368
778
736
794
489
712
614
537
509
418
548
334
348
615
421
586
559
494
698
926
980
697
490
911
511
463
392
823
569
720
540
536
675
614
643
768
705
438
354
428
611
598
488
650
579
592
758
476
359
588
662
467
517
733
683
468
415
522
481
681
537
323
468
521
332
373
416
418
781
700
540
455
484
448
763
523
617
348
578
284
723
510
392
615
673
453
332
790
667
220
414
545
310
578
495
317
340
572
516
577
442
645
788
413
578
723
546
396
686
522
501
599
786
1184
405
795
626
701
499
477
470
420
780
373
693
515
530
309
593
547
428
557
638
417
370
582
472
621
629
384
519
776
654
368
779
624
638
506
365
447
472
647
609
810
494
234
710
848
368
398
451
398
490
696
424
346
721
480
532
569
549
615
444
533
661
521
410
389
400
647
598
261
254
594
651
552
688
439
750
526
560
475
347
345
583
407
654
388
526
466
421
375
581
976
259
792
504
889
396
461
534
491
543
468
687
926
728
482
430
374
720
287
285
484
634
451
842
287
563
750
464
281
960
515
499
820
529
541
571
600
470
777
507
284
723
707
556
695
710
680
507
575
805
585
417
611
690
325
749
294
312
552
826
571
607
552
522
483
627
581
720
722
414
505
525
308
605
325
539
434
495
297
468
459
480
821
353
682
556
434
497
355
461
580
483
406
498
701
468
379
804
417
657
557
430
517
614
347
453
342
659
486
289
471
445
759
308
675
323
326
288
593
459
331
390
413
243
445
508
352
781
487
532
345
438
716
436
579
605
509
680
483
308
830
792
640
385
539
715
337
625
569
605
736
425
498
380
770
428
586
392
434
390
431
479
643
712
470
510
531
462
602
630
645
432
720
698
651
582
705
441
656
456
729
410
441
770
731
478
362
628
473
661
609
455
437
478
482
258
579
605
572
771
500
530
483
652
556
638
577
450
506
674
589
466
335
653
471
461
742
772
581
471
528
509
704
484
408
440
528
456
734
636
527
646
457
477
489
499
479
235
645
524
554
465
555
505
536
924
359
513
559
648
963
438
557
467
355
873
626
857
459
658
394
471
668
764
544
486
284
378
353
435
557
1078
565
475
1035
280
256
729
630
766
821
881
231
499
483
478
734
525
714
546
588
204
447
499
526
536
440
491
609
725
470
654
321
578
270
421
500
401
916
429
434
376
431
702
716
573
486
587
461
502
490
280
648
781
816
506
334
342
474
488
495
423
579
552
580
742
643
680
408
592
522
393
495
868
452
617
708
679
778
727
410
307
574
560
604
675
466
491
523
557
312
571
505
699
410
481
517
763
689
434
519
422
367
703
532
460
910
436
417
427
527
402
670
519
486
572
723
481
546
700
672
442
447
242
406
287
540
840
527
496
517
475
545
791
584
642
576
659
624
486
738
350
773
363
659
256
747
729
826
588
591
941
427
352
519
636
494
480
450
414
740
429
624
449
927
670
513
544
583
521
699
1190
755
496
493
602
400
207
275
372
588
485
523
482
668
475
625
314
464
864
406
793
564
530
713
515
688
455
565
401
556
574
469
465
673
482
767
467
368
453
458
499
402
626
736
499
703
446
514
341
398
612
494
697
486
655
587
438
665
408
341
446
586
391
393
697
822
790
464
416
352
498
370
613
356
503
813
832
591
528
414
483
438
559
609
449
382
695
593
422
629
344
400
540
444
613
621
303
564
579
597
647
788
448
570
634
909
565
698
588
383
304
474
463
586
586
680
647
651
462
766
450
337
998
550
451
430
929
253
486
820
485
651
711
356
731
504
623
710
552
503
813
718
686
566
469
504
403
527
429
399
281
390
426
266
619
399
329
517
552
742
728
435
545
757
434
223
598
544
547
540
594
723
822
377
823
566
606
814
412
527
369
468
503
713
527
806
714
828
929
465
422
472
520
473
620
256
364
487
682
749
342
543
514
706
840
305
905
481
547
512
558
801
497
829
348
377
321
407
457
632
478
406
687
536
439
491
296
233
473
392
413
783
301
791
564
628
452
520
325
637
510
690
538
525
502
478
384
482
427
414
275
579
889
573
476
611
564
386
646
920
431
528
569
665
356
529
361
527
338
512
437
576
392
499
549
521
650
728
420
547
1010
492
687
577
517
506
353
523
501
617
473
520
628
345
471
775
670
425
638
534
488
751
584
479
481
415
441
371
668
882
413
601
329
455
424
511
551
626
763
465
332
500
698
442
460
463
320
576
434
733
378
384
500
389
771
512
364
408
443
562
540
726
678
600
571
691
862
609
543
542
941
300
553
678
977
539
356
781
371
709
508
602
651
769
287
599
601
672
400
655
319
514
780
511
554
424
427
717
269
463
410
557
500
884
819
428
354
431
615
819
739
699
538
277
341
376
348
397
533
610
463
565
413
437
409
504
595
477
471
259
562
592
717
528
1178
528
614
807
627
497
507
529
912
345
538
351
406
373
528
420
651
642
392
769
477
280
459
528
791
591
572
643
441
604
450
675
651
484
874
666
406
397
411
496
692
990
430
742
592
503
386
356
630
450
611
428
809
513
630
511
503
688
686
673
626
405
1006
418
468
730
714
460
505
417
606
513
547
965
406
452
435
491
668
594
656
646
550
680
616
793
430
454
314
372
700
673
652
557
379
650
551
643
476
388
518
535
751
305
466
558
455
521
558
415
821
594
383
715
557
486
337
750
729
636
288
642
366
268
973
485
408
773
400
488
438
699
487
591
217
877
381
737
650
609
564
387
484
285
824
330
593
777
558
602
473
565
1108
529
499
486
715
633
515
628
489
619
516
943
407
266
426
459
619
498
349
881
544
389
385
564
553
261
476
541
406
439
513
535
447
556
301
355
444
255
958
308
755
674
545
569
484
352
316
434
651
769
585
676
698
653
944
510
423
320
447
689
770
650
913
765
492
709
467
630
910
584
448
491
422
581
376
496
1208
772
430
697
579
702
538
328
378
500
749
633
585
702
456
485
446
693
382
431
614
524
788
676
518
587
903
543
495
446
545
492
537
508
507
526
504
469
892
586
643
659
638
254
547
346
600
788
445
754
723
455
444
784
549
391
421
375
732
589
434
761
228
443
560
333
567
409
384
967
566
636
401
691
656
645
507
551
927
585
469
384
656
364
447
470
478
387
897
551
845
616
474
387
542
591
546
405
570
777
391
512
473
615
704
336
810
305
505
579
320
848
363
709
616
689
460
581
575
529
413
414
393
726
450
596
578
565
480
699
606
351
419
672
565
741
455
484
276
411
687
681
796
603
941
444
422
634
368
999
308
502
518
420
573
551
461
539
802
621
559
715
619
524
591
898
561
612
694
347
441
578
371
537
511
546
444
325
661
607
521
526
666
842
479
269
624
411
701
457
589
435
485
548
781
480
597
537
517
564
640
544
583
708
358
826
451
420
652
538
390
323
372
199
530
609
557
700
521
652
373
660
388
625
330
461
808
619
762
550
465
735
376
864
833
345
603
737
551
261
585
608
802
624
464
702
373
673
663
491
406
508
469
440
628
539
380
687
657
637
531
516
626
655
813
657
905
558
650
434
510
429
774
258
505
714
286
380
278
642
640
596
578
568
217
365
722
516
409
507
481
492
506
247
735
807
476
581
708
536
288
868
557
461
318
642
727
812
677
605
762
647
549
719
582
291
593
691
506
748
604
598
680
536
624
469
458
457
450
641
881
552
777
528
663
696
509
556
437
425
466
558
400
405
654
748
538
309
662
582
559
609
727
1073
582
450
262
512
581
715
510
564
349
659
319
418
544
642
392
504
346
846
687
693
540
575
621
570
462
646
744
372
917
611
750
510
678
291
470
341
558
626
546
583
444
385
572
715
560
501
628
683
469
815
838
457
268
458
429
468
819
489
618
545
413
398
466
455
493
344
644
392
463
607
471
595
349
511
601
623
627
587
555
862
455
286
313
573
446
503
641
440
492
433
376
426
664
704
443
598
273
420
700
471
477
635
701
571
679
522
706
565
554
872
792
694
588
326
564
592
560
786
407
519
498
521
522
497
568
573
692
711
625
955
411
453
671
517
422
595
458
434
823
480
455
526
603
318
708
482
834
374
544
347
691
242
737
618
483
636
458
370
606
261
578
467
418
450
463
551
475
459
895
776
415
404
600
637
363
336
593
646
381
294
763
543
535
598
523
507
540
609
484
529
524
533
324
367
441
418
352
614
403
613
609
516
477
310
530
231
650
470
405
560
533
499
887
791
398
385
897
309
375
598
724
450
625
402
323
673
612
556
1022
396
538
801
767
618
491
741
299
815
577
1096
505
307
415
383
537
494
378
548
585
1031
381
599
658
436
758
469
511
670
673
622
821
933
537
723
706
1111
371
208
443
845
758
448
375
590
480
879
304
435
811
639
550
366
377
637
456
361
367
451
531
505
942
263
674
364
1005
624
567
480
678
677
680
463
486
437
614
731
879
457
660
463
635
321
427
738
689
594
824
550
337
771
456
610
344
550
463
499
877
577
397
620
717
623
602
406
527
522
467
528
616
400
222
483
371
420
344
785
552
413
504
529
1025
446
613
388
346
548
721
697
689
471
413
311
656
457
415
520
747
771
885
778
567
536
536
350
453
304
550
319
412
458
464
649
612
423
610
458
504
362
259
609
821
571
553
854
462
779
700
370
610
479
384
798
691
783
719
349
419
962
505
422
682
376
478
422
540
442
448
879
685
387
533
449
553
697
524
310
361
634
585
470
591
479
556
485
804
403
482
702
507
594
290
491
528
417
467
399
407
378
474
739
636
246
940
270
745
337
508
911
549
730
443
667
385
458
503
384
627
626
613
530
465
528
540
461
414
767
562
521
450
317
385
717
599
411
336
774
489
427
1056
621
649
534
528
633
534
295
450
532
645
266
921
569
638
512
622
486
626
834
485
547
515
592
568
296
488
366
600
721
795
631
447
605
446
375
550
362
809
356
350
562
589
244
468
629
587
449
510
702
507
508
482
602
694
498
785
357
413
438
306
589
544
467
427
692
554
643
471
637
642
947
668
643
731
463
279
884
514
640
486
527
467
432
514
513
496
786
540
452
623
637
468
605
450
490
376
394
658
493
395
352
610
602
523
521
538
361
753
819
531
438
650
445
633
600
642
702
514
395
629
531
393
554
734
833
732
378
321
710
433
573
494
507
650
535
479
683
391
676
589
739
478
501
593
347
379
645
508
685
501
311
503
551
311
399
438
660
684
578
239
368
641
669
382
514
446
502
402
544
627
345
385
530
455
513
555
488
520
542
729
488
839
226
375
550
350
543
553
401
809
385
473
507
440
283
508
510
856
494
347
539
549
334
752
747
326
585
395
714
464
529
424
455
881
429
683
717
910
318
423
526
499
535
605
352
525
279
414
449
597
674
414
491
462
395
556
863
300
645
259
312
490
657
669
834
811
915
341
508
419
369
381
320
347
707
620
378
546
503
585
299
584
346
447
371
617
637
659
517
315
743
509
356
654
442
390
568
693
285
423
292
245
447
892
382
696
415
870
260
532
768
401
419
785
522
352
1027
624
502
741
584
829
405
472
427
530
583
361
774
850
709
458
288
510
457
477
704
548
472
896
420
303
510
530
638
584
394
376
517
289
462
641
463
690
588
702
207
770
446
648
418
347
698
898
644
435
567
279
280
405
676
725
417
624
586
579
349
329
499
974
422
529
684
446
621
465
555
334
686
604
418
733
398
330
488
469
334
462
518
745
467
551
394
490
789
452
526
343
497
533
606
681
592
676
428
685
488
445
272
838
538
392
433
380
627
610
533
671
764
716
683
582
485
257
343
617
335
653
587
581
756
643
746
621
335
595
333
523
583
429
595
605
786
581
579
438
962
782
421
707
750
517
465
559
366
533
550
626
594
536
558
902
411
815
530
555
560
343
263
825
695
604
1007
397
527
750
556
954
544
1034
392
435
681
537
588
854
319
504
522
313
370
341
404
421
793
403
753
537
275
352
471
998
618
516
370
712
756
502
505
572
598
745
608
245
550
411
233
348
468
738
624
476
400
378
612
329
744
415
409
238
526
590
636
338
407
314
442
742
505
475
636
582
661
333
810
883
593
289
471
508
302
794
266
907
333
471
410
400
797
762
507
544
428
341
472
477
734
441
392
334
696
476
480
452
583
773
539
468
638
482
595
410
553
383
444
754
1066
278
583
645
716
830
515
373
592
478
411
520
658
522
385
257
454
527
623
602
536
600
391
623
451
737
584
552
603
559
593
546
345
780
468
884
581
716
711
243
528
586
397
518
540
794
580
441
472
580
287
416
604
806
441
411
506
417
542
461
393
614
441
760
727
541
814
642
647
366
664
651
515
502
542
595
794
565
1031
664
721
335
552
801
530
576
378
408
651
413
743
361
781
317
330
507
377
608
294
619
377
503
509
409
573
552
496
718
532
377
727
521
767
526
459
468
454
564
570
481
548
652
720
475
581
649
610
585
625
548
666
368
553
798
697
817
534
601
785
647
517
338
459
499
416
525
827
581
412
625
497
794
747
671
561
626
716
432
423
431
660
664
424
345
645
488
575
723
840
669
718
468
337
506
789
625
632
399
608
650
478
553
607
727
585
641
536
397
416
567
403
385
558
349
548
699
520
700
449
585
541
747
318
789
334
525
281
779
277
526
544
529
508
349
436
357
684
474
481
289
421
626
871
535
557
626
595
873
574
228
462
524
456
683
569
504
541
448
538
586
352
642
511
481
254
455
304
904
568
983
773
652
721
554
400
360
400
338
257
673
428
503
428
519
598
627
503
569
473
641
475
413
619
733
558
401
560
377
501
455
526
451
504
549
568
392
552
274
610
519
394
355
496
697
695
811
562
408
641
695
632
253
1115
245
468
550
456
471
790
390
689
294
689
807
692
910
579
424
517
738
735
670
574
568
487
579
333
501
806
449
871
506
589
536
551
583
434
634
424
447
423
589
750
381
415
910
471
772
749
488
318
393
473
745
738
482
368
480
543
494
539
444
984
622
357
888
434
494
332
270
806
581
544
426
894
625
485
792
347
330
1024
469
754
409
574
488
611
741
522
446
301
663
678
579
245
261
438
709
617
817
565
864
584
301
490
564
563
446
430
334
509
1142
275
432
399
762
737
532
713
638
593
368
590
838
515
462
320
672
615
908
817
450
488
584
755
609
373
257
865
445
616
321
577
552
541
270
1032
602
601
633
359
637
430
401
763
365
438
708
750
462
554
468
653
649
649
545
453
527
430
473
1096
723
359
401
453
563
466
473
528
486
363
524
518
535
776
508
792
475
810
579
952
525
764
417
835
368
366
653
466
756
643
349
390
340
908
771
521
589
450
515
332
571
573
563
462
669
600
632
444
381
424
819
306
353
428
394
471
468
716
578
407
573
546
516
595
806
417
620
607
307
408
1307
325
536
391
485
596
835
715
602
648
618
705
501
575
409
513
480
617
722
494
811
468
669
329
522
530
337
503
604
494
655
509
330
867
278
898
504
450
522
320
566
498
499
559
528
471
486
589
510
420
486
255
726
474
691
446
610
840
348
652
461
466
804
406
763
441
504
555
472
419
709
260
602
429
712
558
615
766
306
868
629
554
596
578
368
421
416
428
593
537
573
513
423
710
421
467
670
562
522
553
745
505
499
455
543
320
544
817
391
396
548
261
818
547
331
506
466
459
637
428
423
384
309
389
782
746
928
600
477
489
426
659
652
696
550
819
548
557
497
474
550
452
626
481
545
447
263
447
628
387
499
647
528
581
486
671
479
843
476
690
723
459
575
530
641
440
576
372
828
341
630
650
549
851
769
273
634
1235
407
759
636
612
440
362
627
441
784
568
436
368
595
671
822
880
545
377
1037
572
321
504
517
453
656
626
588
529
343
499
678
499
824
455
704
687
777
688
391
367
601
884
599
461
317
546
254
660
564
667
984
507
560
772
736
446
507
294
686
423
471
647
649
486
631
561
363
917
514
372
265
327
284
533
380
557
576
461
698
490
372
647
580
503
269
565
685
580
422
363
613
861
597
460
465
833
617
632
328
712
506
430
433
445
558
422
475
573
561
555
826
622
399
398
523
466
705
419
559
263
664
755
396
570
537
387
540
724
521
419
235
379
464
490
521
443
612
856
647
371
284
691
613
583
522
372
292
383
326
427
424
531
579
308
472
523
428
475
559
599
282
624
731
447
624
519
474
663
408
353
460
459
510
539
524
460
330
382
776
537
565
647
481
377
576
336
586
621
775
562
263
456
529
695
501
427
360
359
567
490
596
803
799
393
673
687
446
393
494
326
657
713
447
1096
468
753
379
470
543
676
754
279
477
420
247
356
384
440
641
488
505
474
642
585
253
645
319
481
731
708
512
619
516
477
220
705
749
511
268
900
424
613
475
468
332
569
599
649
471
266
696
429
753
260
674
755
598
710
688
331
514
720
686
276
594
242
492
487
715
444
423
354
571
670
331
491
403
648
531
476
613
619
718
598
477
1027
742
474
1027
518
434
397
495
588
730
334
596
624
641
518
448
323
674
600
435
545
694
793
556
533
468
735
582
467
594
457
421
814
587
536
657
497
846
758
562
504
553
365
773
788
558
735
394
658
633
405
623
920
436
816
402
660
599
586
569
601
687
412
404
662
788
647
483
399
631
678
467
427
650
375
672
592
690
485
412
601
618
694
559
537
789
640
228
430
462
596
515
446
379
284
411
442
570
374
603
724
438
653
617
631
416
326
441
564
402
422
319
390
477
674
553
461
517
455
445
712
298
641
710
661
380
407
525
562
451
570
404
490
547
474
688
512
679
979
470
597
508
513
413
830
249
263
876
647
778
703
608
505
599
679
304
794
335
667
514
982
1038
1015
1045
1000
1085
1116
911
1097
1088
1028
1071
1036
1072
1039
1138
1102
1119
1033
1023
1086
1067
1035
1004
1016
1060
1105
1084
1052
1056
1061
1036
1044
1089
1061
1034
1076
1034
1128
1023
1132
1023
1019
1057
1102
1087
1048
1062
1082
1085
1067
1018
1064
1041
1087
1031
1089
1034
999
1058
1046
1059
1064
1103
1118
1024
1085
1014
1087
1038
1066
1059
1113
1115
1061
1072
1113
1044
1032
1090
1090
1080
1055
1049
1032
1134
1095
1052
1067
1043
1072
1013
1101
1026
1084
1079
1061
1034
1108
1112
1079
1063
1082
1107
1067
1101
984
1074
1050
1049
1027
1074
1055
1021
1078
1062
1044
1076
1111
1037
1141
1066
1049
1067
1086
1051
1067
1060
1133
1064
1056
1056
971
1056
1037
1089
1050
1132
1082
1032
1086
1020
1064
1120
1052
1062
1110
1029
1102
1071
1076
1045
1108
1085
1080
1103
1005
1066
1096
1095
1094
1074
1024
1113
1065
1112
1065
1072
1045
1025
1055
1036
1035
1072
1130
1012
1053
1062
1113
1058
1047
1086
1032
1076
1036
1029
1085
1062
1108
1069
1065
1064
978
1072
1065
1057
1070
1090
1059
1026
1042
1000
1048
1065
1050
1077
1113
1062
1066
1068
1094
1035
1048
1068
1035
1081
1053
1033
1086
1087
1106
1069
1085
1034
1098
1102
1093
1050
1089
1058
1115
1080
1071
1052
1081
1022
1059
1062
991
1044
1060
1060
1088
1072
1070
1059
1097
1051
1067
1041
1079
1056
1074
1055
1063
1046
1031
1045
1112
1026
1064
1074
1073
1132
1078
1083
1031
1121
1070
1022
1049
1046
1053
1062
1086
1099
1097
1083
1145
1110
1076
1084
1082
1135
1110
1098
1061
1066
1167
1012
1113
1140
1038
1024
1012
1069
1102
1086
1056
1083
1060
1087
1048
1108
1074
1046
1107
1124
1069
1048
1062
1024
1032
1057
1102
1035
1067
1081
1070
1022
1074
1122
1037
1035
1090
999
1063
1075
1072
1075
1171
1155
971
1055
1088
1089
1055
1134
1048
1049
986
1098
1031
1073
1035
1115
1064
1049
1049
984
1032
1020
1079
1083
1137
1068
1013
1048
1077
1095
1131
1048
1048
1039
1075
1020
1080
1054
1094
1043
1025
1064
1005
1114
1077
1039
1025
1078
1075
1056
1174
1033
1091
1084
1085
1098
1056
1105
1093
1079
1062
1087
1073
1073
1065
1031
1052
1088
1050
1055
1121
1075
1094
1085
1026
1068
1092
1087
1040
1040
1085
1117
1024
1045
1075
1037
1088
1086
1153
1063
1029
1075
1094
1075
1093
1082
1059
1018
1088
1050
1095
1114
1103
1039
1083
1064
1043
1088
1026
1034
1089
1027
1063
1049
1073
1054
1025
1080
1083
1066
1115
1019
1025
1035
1093
1059
1081
1069
1070
983
1072
1055
1064
1121
1041
1123
1049
1060
1032
1079
1014
1059
1105
1093
1036
1011
1026
1038
1076
1049
1064
1081
1047
1060
1087
1050
1054
1091
1043
1067
1062
1043
1075
1055
1050
1102
1136
1049
1035
1084
1116
1048
1021
1101
1104
1035
1070
1093
1044
1055
1050
1045
1073
1079
1150
1012
1074
1048
1017
1072
1109
1082
1074
1045
1080
993
1072
1098
1010
1121
1108
1128
1024
1053
1121
1085
1065
1119
1020
1059
1040
1046
994
1045
1081
1056
1061
1098
1012
1092
1058
1042
1074
1079
1074
1082
1079
1012
1031
1060
1043
1048
1118
1027
1080
1012
958
1096
1071
1067
1014
1033
1080
1064
1079
1084
1072
1094
1044
1111
1067
1028
1056
1063
1053
1058
1058
1069
1056
1105
1104
1080
1120
1036
1087
1042
1062
1118
1156
1125
1061
1110
1033
1103
1087
1055
1101
1108
1043
1072
1068
1057
1124
1060
1055
1047
1051
1045
1054
998
1072
1112
993
1110
1048
1051
1078
1100
1150
1000
1102
1087
1066
1045
1067
1052
986
1143
1055
1093
1090
1105
1102
1074
1075
1074
1009
1051
1008
1118
1080
1085
1147
1087
1061
1109
1081
1066
1076
1059
1038
1051
1064
1030
1057
1054
1060
1060
1095
1062
1066
1070
1115
1087
1014
969
1053
1038
1141
1046
1040
1058
1073
1114
1049
1048
1092
1032
1003
1056
1137
1054
1069
1099
1072
1056
1016
1109
1071
1056
1044
1033
1049
1045
1039
1034
1085
1097
1042
1129
1109
1081
1083
1064
1056
1094
1071
1048
1047
1056
944
1076
1069
1064
1111
1054
1076
1053
1129
1068
1099
1126
1093
1075
1099
1134
1119
1003
1032
1028
1096
1090
1076
1087
1043
1011
1062
1037
1010
1056
1011
1078
1088
1065
1025
1069
1006
1055
1083
1100
1077
860
1106
1023
1067
1115
1095
991
1009
1107
1106
1085
1078
1058
1078
1032
1122
1030
1114
1028
1042
1092
1071
1015
1139
1019
1083
1070
1055
1071
1092
1056
1073
1063
1029
1063
1056
1040
1084
1106
1031
1109
1067
1044
1039
1053
1090
1039
1057
1086
1103
1066
1090
1122
1077
1042
988
1078
1047
1115
1097
1106
1108
1086
1024
1120
1063
1129
1098
1063
1034
1085
1035
1050
1067
1026
1022
1064
1042
1061
1070
1126
1035
1079
1023
991
1071
1128
1066
1086
1015
1050
1018
1006
1036
1057
1032
1083
1075
1052
1050
1134
1062
1069
1051
1053
1141
1097
1083
1090
1069
1100
1042
1012
1051
1068
1150
1083
1061
1057
1051
1081
982
1060
1162
1114
984
1078
1120
1034
1066
1136
1089
1107
1049
1075
1094
1089
1052
1086
1072
1057
1065
1096
1076
1019
1060
1042
1112
1085
1055
1106
1094
1019
1052
1057
1057
1073
1058
1105
1091
1032
1055
1055
1013
1076
1077
1083
986
1082
1070
1065
1017
1101
1037
1079
1100
1080
1055
1092
1044
1085
1170
1032
1064
1107
1067
1042
1062
1101
1089
1067
1094
1074
1025
1097
1085
1016
1107
980
1034
1075
1076
1056
1153
1088
1077
1088
1073
1126
1094
1035
1049
1063
986
1035
1026
1081
1092
1068
1082
1092
1047
1081
1140
1085
1050
1097
1101
1116
1054
1034
1037
1043
1119
1026
1056
1060
1089
1084
1032
1069
1028
1108
1068
1054
1111
1109
1124
1076
1065
1057
1042
1051
1075
1021
1112
1069
1080
1054
1080
1066
1087
1100
1080
1144
1072
1049
1045
939
1027
1080
1095
1089
1098
1063
1134
1124
1075
1094
1084
1027
1091
1020
1092
1130
996
1068
1044
1088
1094
999
1108
987
1045
1117
1069
1056
999
1098
1038
1185
1034
1071
1037
1061
1098
999
1011
1025
984
1051
1038
1086
1020
1072
1079
1028
1040
1051
1044
1007
1075
965
1090
1116
1103
1078
1001
1086
1062
1093
935
1114
1001
1090
1083
1056
1041
1132
1095
1093
1038
1055
1043
1074
1097
1086
1080
1012
1043
1101
1075
1075
1065
1059
1068
1074
1006
1103
1053
1100
1070
1112
1088
1099
1043
1008
1074
1135
1104
1057
1049
1056
1124
1088
1038
1087
1113
1042
1052
1069
1035
1042
1015
986
1044
1050
1104
1080
1130
1091
1109
1056
1089
981
1046
1072
1087
1065
1124
1051
1062
1118
1102
1068
1013
1032
1107
1069
1099
1004
1010
1088
1097
1130
1080
1110
1078
1073
1030
1048
1086
1013
1141
1045
1057
1055
1132
1066
1151
1063
1135
1056
1027
1021
1045
1058
1082
1066
1034
1099
1120
1064
1094
1147
1093
1088
1078
1045
1068
1064
1017
1093
1050
1111
1063
1083
1058
1094
1114
1056
1072
1140
1067
1027
1045
1044
1070
1078
1090
1058
1054
1022
1061
1041
1079
1101
1056
1081
1097
1066
1084
1070
1052
1091
1062
1156
1036
1007
1097
1007
1099
1075
1068
1063
1102
993
1040
1050
1057
1069
1069
1102
1101
1056
1097
1105
1081
1031
1070
1067
1085
1108
1086
1126
1126
1085
1054
1060
1076
1067
1115
1075
1071
1113
1054
1051
1019
1127
1045
1037
1057
1088
1113
1040
1091
1113
1007
1099
1088
1108
1065
1067
1063
1035
1080
1083
1085
1093
1021
1066
1023
1114
1081
1034
1092
1059
1065
1076
1113
1081
1073
1030
1017
1077
1077
1005
1047
1036
1098
1062
998
1073
1081
1137
1074
1025
1081
1027
1058
1081
1045
1042
1039
1078
1097
1074
1065
1065
1072
1022
1112
1050
1071
1016
1073
1127
1109
1055
1071
1074
1076
1026
1105
1077
1049
1014
1016
1073
1132
1079
1040
1074
1066
1070
1042
1045
1043
1075
1069
1080
1046
1032
1143
1108
1101
1049
999
1071
1116
1082
1099
1096
1072
1041
1087
1069
1110
1057
1057
1053
1123
1135
1083
1061
1101
1056
1067
1080
1045
991
1113
1054
1074
1076
1040
1073
1117
1040
1037
1017
1049
1046
1049
1025
1083
1127
1029
1066
1115
1135
1025
1069
1020
1099
1074
1083
1085
1056
1033
1079
975
1087
1008
1131
1096
1044
1059
1081
1116
1005
1084
1022
1106
1068
1062
1024
1091
1100
1042
1101
1056
1068
1038
1051
1083
1152
1017
1052
1080
1106
1113
1042
1073
1051
1094
1127
1085
1014
969
1079
1087
1043
1116
1096
1070
1050
1049
1104
1060
1080
1096
1120
1076
1019
1078
1070
1079
1091
1061
1133
1074
1060
1123
1052
1084
1074
1079
1038
1065
1058
1030
1062
1124
1142
1022
1020
1049
1128
1117
1062
1055
1079
1065
1090
1086
1024
1078
1071
1061
1040
1122
1092
1087
1086
1060
1064
1055
1023
1106
1052
1090
1120
1060
1094
1109
1067
1084
1023
1089
1042
1078
1085
1061
1049
1032
1067
1032
1093
1099
1058
1060
1077
1111
1073
1081
1049
982
1087
1075
1067
1058
1095
1014
1044
1093
1085
1083
1018
1080
1065
1054
905
1021
1046
1052
1066
1095
1117
1098
1035
1093
1059
989
1067
1103
1025
1114
1111
1086
1099
1114
1024
1089
1075
1077
1055
1095
1082
1084
1086
1054
1072
1054
1009
1071
1063
1014
1055
870
1087
1023
1088
1054
1071
1074
1118
1108
1083
1034
1073
1037
1036
1053
1100
1066
1095
1063
1115
997
1054
1046
1071
1075
1100
1091
1083
1060
1044
1058
1047
1014
1060
1040
1134
1030
1089
1055
1125
1066
1079
1075
1054
998
1102
1064
1062
1051
1117
1073
1063
1100
1039
1090
1144
1103
1069
1062
1114
1078
1085
1029
1050
1049
1061
1086
1098
1094
1093
1052
1060
1071
1086
1075
1085
1094
1079
1081
1053
1068
1025
1090
1002
1079
1020
1091
1111
1050
1068
1028
1077
1026
1058
1047
1013
1021
1119
1060
1003
1048
1068
1042
1052
1027
1105
1097
1007
1021
1086
1124
1052
1077
1096
1091
1029
1044
1072
1081
1074
1058
1044
1028
1084
1081
1071
1098
1059
1082
1073
1028
1085
1108
1128
1065
1078
1074
1056
1074
1072
1133
1055
1069
1031
1099
1019
1077
1103
1095
1079
1029
1072
1036
1110
1090
1100
1065
1042
1072
1087
1060
1057
978
1076
1129
1094
1012
1074
1058
1054
1034
1104
1068
1032
1059
1056
1082
1051
1067
1068
1052
1052
1104
1019
1086
1066
1059
1107
1057
1050
1046
1080
1068
1079
1094
1089
1106
1091
1105
1108
1024
1079
1110
1023
1116
1087
998
1103
1059
1082
1082
1087
1055
1126
1092
1084
1134
1054
1095
1013
1084
1075
1017
1058
1102
1027
1037
1073
1082
1045
1108
1035
1031
1023
1098
1069
1069
1052
1097
1071
1113
1080
1126
1068
1048
1071
1003
1062
1058
1054
1075
1099
1066
1072
1067
1051
1039
1014
1006
1074
1089
1102
1071
1041
956
1041
1057
1087
1073
1032
1088
1075
1035
1087
1060
1101
1086
1122
1043
1089
1113
1011
1094
1050
1051
1076
1069
1028
1093
1103
1106
1104
1000
1113
1110
1128
980
1050
1034
1046
1073
1097
925
1030
1072
1098
1044
1031
1064
1125
1037
1084
1062
1086
1058
1095
1052
1041
1066
1049
1111
1102
1059
1085
1030
1087
1005
1017
1093
1101
1134
1026
1007
1061
1049
1038
1001
1136
1108
1067
1079
1099
1084
1094
1078
1088
1070
1069
1112
1074
1090
1065
1076
1083
1037
1060
1028
1061
1067
1027
1064
1060
1030
1026
1034
1090
1060
1057
1081
1050
1052
1043
1006
1088
1056
1072
1069
1069
1075
1128
1059
1082
1104
940
1047
1032
1061
1101
1158
1042
1063
1086
1012
1063
1072
1111
1065
1094
1038
1044
1067
1016
1051
1080
1060
1055
972
1022
1026
1038
985
1071
1090
1048
1100
1030
1037
1061
1032
1079
1050
1103
1091
1083
1042
1055
1007
1125
1026
1075
1019
1061
1060
1054
996
1097
1066
1013
1062
1040
1058
1035
1054
1068
1113
1045
1033
1101
1039
1044
1066
1045
1051
1036
1097
1058
1099
1074
1116
1103
1125
1061
1055
1078
1054
994
1080
1100
1050
1046
1062
1030
1079
1080
1079
1094
1069
1090
1070
1118
1044
1005
974
1095
1074
1075
1065
1093
1069
1048
1077
1090
1100
1032
1071
1079
1085
1085
1061
1038
1068
1049
1097
1045
1065
1117
1036
1052
1106
1053
1081
1053
1091
1041
1105
1059
1146
1118
1121
1042
1111
1116
999
1065
1049
1083
1101
1071
1035
1046
1075
1085
1073
1031
1121
1127
1031
1092
1077
1018
1078
1051
1064
1044
1036
1057
1072
1078
1100
1042
1111
1008
1039
1055
1054
1014
1045
973
994
1038
1057
1096
1063
1063
1078
1007
1112
1094
1086
1083
1063
1062
989
1131
993
1120
1094
1044
1086
1082
1063
1024
1101
1073
1021
1059
1075
1028
1021
1077
1121
1134
1018
1127
1085
1091
1016
1066
1037
1087
1133
1077
1100
1006
1124
991
1022
1092
1066
1050
1067
1071
1075
1069
1028
1098
1063
1061
1032
1084
1081
1053
1074
1103
1033
1020
1050
1049
971
979
1055
1090
1139
1071
1119
1105
1153
1054
1062
1085
1060
1088
1051
1140
979
1069
1030
1112
1066
1095
1041
1053
1097
1108
1082
1040
1108
1072
1072
1087
1060
1100
1099
1031
1042
1036
1074
1002
1035
1093
1030
1101
1050
1052
1057
1043
1036
1055
994
1042
1103
1089
1060
1130
1103
1021
1037
1126
1146
1112
945
1042
972
1078
1066
1086
1124
1083
1079
1046
1086
1033
1046
1046
1054
1043
1086
1057
1076
1119
1061
1062
1094
1045
1069
1091
1047
1111
1054
1093
1017
1097
1126
1049
1027
1111
1062
1100
1088
1059
1052
1068
1045
1025
1023
1066
1007
1070
1126
1057
1026
1071
1058
1048
1113
1054
1054
1125
1077
1025
1051
1045
1054
1036
1038
1074
1045
1049
1138
1072
1089
1139
963
1131
1093
1111
1113
1076
1093
1079
1065
1086
1098
1013
1067
1122
1104
1112
1056
1069
1038
1022
1061
1063
1091
1058
1079
1078
1130
1071
1073
1080
1043
1073
1055
1021
1097
1108
1033
1040
1101
1050
1041
1072
1040
1117
1128
1098
1133
1031
986
1023
1099
1066
1040
1050
1028
1067
1111
980
987
1082
1085
1089
1035
1042
1097
1057
1090
1142
1070
1049
1069
1085
1131
1049
1116
1078
1050
1062
1119
1028
1040
1051
1078
1084
1049
1083
1070
1021
1024
1043
1053
1047
1070
1124
1159
1031
1091
1057
1101
1093
1091
1036
1096
1077
1180
1078
1032
1073
1054
1050
1051
1088
1016
1127
1076
1055
1038
1105
1043
1047
1107
1039
1083
1080
1066
1065
1107
1042
1112
1088
1067
1121
1048
1037
1086
1054
1093
1015
1056
1088
1055
1065
1081
1077
1049
1115
1130
1069
960
1105
1064
1041
1129
1075
1071
1042
1059
1020
1022
1058
1109
1096
1045
1060
1048
1043
1097
1068
1051
1042
1122
1073
1081
1032
1043
1032
1094
1109
1050
1045
1109
1092
1082
1046
1111
1054
1014
1058
1066
1057
1041
1055
1064
1088
1040
1066
1107
1095
1074
1093
1090
1079
1070
1023
958
1136
1045
1120
1060
1023
1052
1056
1120
1066
1088
1067
1064
1106
1062
1079
1007
1108
1061
1080
1073
1105
1023
1061
1090
1049
1101
1122
1075
1130
1061
1042
1070
1088
1039
1036
1154
1109
956
1087
1042
1071
1096
1083
1039
1037
1116
1064
1057
1109
1077
1124
1130
1051
1008
1072
1116
1044
1091
1121
1027
1107
1147
1085
1056
1095
1063
1097
1014
1107
1099
1036
1094
1139
1040
1061
1060
1144
1114
1107
1095
1010
1107
1037
1127
1008
1065
1088
1089
1084
1058
1067
1065
1117
1077
1056
1087
1044
1079
1119
1088
1080
942
1100
1025
1075
995
1145
1036
1083
1086
1079
1076
984
1054
1070
1001
1112
1009
1042
1064
1044
1025
1004
1020
1072
1109
1134
1089
1033
1075
1075
1026
1072
1080
1074
1119
1085
1086
1128
1089
1052
1076
1067
1075
1109
1040
1007
1067
1058
1047
1107
1122
1019
1085
1084
1068
1077
1119
1080
1064
1056
1058
1081
1074
1031
1109
1105
1027
1089
1050
1055
1045
1094
1104
1040
1090
1111
1051
1059
1090
1125
1034
1013
1062
1097
1102
990
1064
1060
1054
958
1121
1106
1031
1056
1026
1061
987
1056
1067
1049
1069
1034
1050
1105
1024
1096
1080
1115
1099
974
1054
1139
1088
1056
1040
1025
1128
1056
1082
1082
1076
1092
1029
1063
1125
1131
1123
1043
1138
1090
1017
1052
1008
1133
1070
1084
1062
1043
1040
1054
1047
1081
1070
1058
1069
1054
1059
1031
1076
1103
1048
1105
1073
1081
1033
1000
1106
1058
1091
1106
1051
1044
1060
1097
1031
1067
1061
1033
1065
1058
1059
1031
1106
1038
1087
1056
1064
1082
1042
1097
1076
1115
1060
1063
1056
1096
1120
1045
1051
1115
1104
1118
1093
1105
1039
1068
1054
1085
1014
1076
1041
1062
1074
1115
1042
1103
985
1043
1072
1060
1074
1160
1038
1086
1047
1067
1048
1103
1060
1039
1014
975
1048
978
1086
1099
1132
1039
1061
1049
1071
1062
1111
1059
1021
1097
1072
1066
1066
1092
980
1022
1062
1087
1085
1199
1037
1103
1052
1013
1075
1084
1099
1057
1051
1021
1075
1089
1098
1054
1070
1030
1062
1033
1108
1102
1102
1061
1060
1112
1034
1085
1013
1097
1067
1091
1086
1006
1070
1053
985
1071
1107
1053
1077
1058
986
1080
1056
1095
1064
1018
1099
1009
1080
980
1096
1102
1038
1093
1013
1091
1034
943
1122
1043
1020
1058
1037
1048
1036
1111
1052
1113
1079
1024
1072
1123
1127
1040
1116
1065
1082
1094
1066
1020
1104
1111
1029
1070
1066
1043
1079
1101
1078
1072
1048
1066
1060
1047
1075
1069
1040
1071
1081
1036
1091
1051
1086
968
1117
1092
1040
1063
1092
1073
1077
1059
1081
1036
1046
1069
1038
1087
1102
1051
1056
1033
1104
1106
1053
1077
1064
1082
1010
1038
1082
1060
1061
1043
1062
1084
1079
1084
1070
950
1051
1071
1096
1082
1051
1068
1084
1006
1029
1037
1129
1047
1038
1038
1038
1008
1043
1135
1061
1055
1017
1049
1088
1071
1066
1080
1025
999
1152
1083
1026
1044
1025
1104
1094
1124
1040
1075
1075
1125
1040
1048
1024
1069
1053
1111
1066
1060
1071
1019
1058
1056
1098
1085
1077
1120
1065
1070
1033
1022
1109
1058
1114
1049
1076
1006
1069
1136
1067
1043
1063
1063
1019
1082
1090
1034
1044
1060
1094
1132
1014
1055
1099
1110
1035
1034
1037
1059
1047
1118
1175
1089
1100
1088
1046
1093
1060
1035
1077
1012
1068
998
1060
1101
1049
1061
1048
1131
1104
1043
1013
1069
1099
1016
1027
1126
1053
1069
1080
1020
1012
1065
1098
1091
1073
1127
1035
1045
1078
1065
1120
1122
1085
1018
1059
1058
1083
1084
1072
1003
1039
1078
1065
1050
1058
975
1078
1050
1050
1026
1036
1015
1112
1065
1097
1052
1114
1022
1083
1022
1091
1003
1065
1050
1073
1094
1050
1114
1024
1066
1027
1073
1071
1066
1025
1032
1092
1020
1098
1105
1055
1103
1121
1062
1046
1077
1061
1084
1036
1093
1046
1015
1084
1072
1062
1077
1044
1034
1083
1089
1073
1116
1036
1105
1097
1085
1127
1035
1073
1111
1170
1047
1086
1058
1037
1062
1050
1080
1032
1080
999
1087
1101
1036
1052
1061
1019
1045
1059
1093
981
1048
1052
1111
1032
1042
1078
1060
1019
1054
948
1138
1077
1127
1029
1048
1115
1125
1065
1073
1048
1069
1070
1064
1033
1085
1040
1090
1072
1011
1065
1094
1043
1081
1032
1115
1067
1048
1060
1092
1087
1058
1109
1045
1069
1064
1021
1056
1062
1066
1065
1021
1078
1086
1071
1077
992
1070
1090
1087
1094
1071
1146
1031
1066
1042
1115
1131
1066
1036
1024
1100
1041
1099
1082
1086
1027
1020
1136
1076
1060
968
1134
1089
1141
1100
1073
1084
1120
1051
1056
1050
1011
1033
1092
1083
1111
1081
1098
1097
1065
1084
1153
1090
1061
1109
1058
1116
1090
1089
1056
1058
1062
1127
1058
1061
1093
1081
1121
1131
1070
1083
1079
1001
1059
1086
1064
1036
1055
1028
1096
1073
1035
1078
974
1112
1077
1070
1072
1027
1071
1121
1059
1103
1073
1106
1049
1066
1043
1025
1069
1080
1024
1091
1062
1086
1123
1052
1063
1115
1121
1059
1097
1090
1069
1081
1053
1070
1042
1026
1073
1032
1063
1066
1044
1029
1055
1055
1078
1067
1047
1075
1037
1045
1054
1094
1008
1029
1065
1028
1070
1039
1023
1066
1075
1082
1085
1116
1040
1051
1028
1011
1027
1099
1044
1047
1101
1089
1016
1092
1077
1093
1005
1050
1093
1089
1079
1065
1109
1122
1107
1122
1014
1012
1105
1016
1063
1056
1069
1092
1078
1089
1045
1044
1101
1048
1041
1021
1143
999
1003
1054
1115
1072
1110
1095
1044
1062
1039
980
1104
1099
1057
1088
998
1031
1083
1080
1053
1066
1057
1062
1021
1065
1118
1070
1038
1087
1063
1119
1073
1141
1095
1110
1064
1043
1085
1053
1086
1160
1053
1067
1089
1067
1035
1047
1081
1061
1001
1038
1029
1068
1083
1108
1072
1151
1099
1089
1116
1105
1103
1050
1033
1076
1068
1015
1063
1077
1054
1119
1048
1041
1132
1090
1088
1065
1085
1087
981
1053
1061
1068
1043
1071
1043
1069
1087
1125
1104
1093
1072
1065
1036
1039
1040
1093
1074
1134
1067
1090
1063
1053
966
1007
1130
1054
1057
1072
1095
1031
1069
1027
1106
1008
1067
1084
1058
1121
1045
1019
1030
1056
1072
1035
1055
1106
1075
1049
1033
1091
1086
1060
1075
1058
1041
1125
1072
1067
1095
1126
1047
1104
1032
1137
1061
1104
1085
1095
1045
1075
1025
1096
1101
1066
1071
1110
1059
1088
1034
1055
1080
1117
1067
1055
1059
1067
955
1066
1052
1042
1041
1020
1082
1068
1083
1062
1095
975
1058
1114
968
1071
1045
1115
1034
1049
1064
1103
1068
1009
1128
1070
1085
1121
1110
1081
1072
1034
1072
1090
1125
1032
1074
1065
1070
1069
1067
1063
1126
1107
1072
1137
1022
1047
1058
1197
1078
998
1089
1041
1005
1064
1125
1048
1050
1066
1110
1104
1018
1080
980
1051
1046
1085
1053
1043
1127
1072
1100
1090
969
1056
986
1039
1018
1045
1078
1058
968
1092
1050
992
1063
993
1089
1052
1052
1069
1109
1013
1067
1078
1020
1040
1039
1069
1077
1102
1057
1136
1073
1087
1102
1052
1072
1066
1035
1116
1059
1080
1084
1110
1076
1116
1058
1068
995
1038
1056
1075
1121
1085
1114
1025
1061
1049
1054
1063
1081
1089
1055
1099
1069
1003
1102
1054
1039
1097
1094
1062
1048
1052
1031
1107
1044
1034
1110
1088
1062
1051
1067
1056
1117
1054
1099
1050
1082
1095
1062
1081
1097
1055
1028
1048
1014
1059
1057
1097
1126
1111
1055
1088
1100
1053
1043
1114
1085
1090
1079
1066
1085
1075
1020
1107
1082
1072
1100
999
1076
1064
1119
1085
1078
1064
1011
1056
1038
1121
1099
1036
1117
1094
1033
1081
1074
1039
1077
1063
1062
1071
1034
1098
1115
1075
1032
1055
1113
1028
982
1054
1065
1092
1008
1064
1040
1014
1060
1075
1046
1068
1105
1061
1026
1024
923
1113
1058
1084
1114
960
1052
1069
1076
1060
1018
1049
1076
1100
1024
1007
1057
1020
1060
1090
1014
1040
1009
1131
979
1114
1070
1126
1055
1047
1093
1073
1126
1092
1081
1040
1070
974
1064
1075
1051
1066
1139
1061
1109
1092
1083
1069
1053
1094
1089
1074
1042
1068
1090
1061
997
1089
1109
1063
1092
1072
1046
1011
1092
1098
1054
1044
1034
1065
1105
1119
1048
1084
1046
1088
1066
1068
1091
1076
1018
1095
1099
1002
1050
1055
1085
1104
1064
1016
1044
1095
1084
1022
1055
1033
1049
1045
1080
1047
1073
1029
1026
1034
1034
1082
1130
1069
1077
1062
1093
1111
1079
1098
1034
1056
1025
1027
1064
1073
1082
1067
1057
1023
1099
1023
1093
1090
1081
1088
997
1048
1040
1031
988
1052
1080
1039
1057
1073
1024
1059
1150
1031
1083
1100
1051
1017
1067
1073
1106
1042
1070
1062
1087
1105
1064
1047
1077
1069
1061
1089
1093
1103
1147
1107
1098
1076
1086
1062
1029
1067
1078
1070
1053
1076
1110
1092
1082
1060
1023
1117
1051
1087
1041
1110
1095
1033
1044
1092
1046
1071
1101
1041
1045
1059
1037
1035
1030
1102
995
1043
1041
1097
1051
1086
1078
1019
1107
1088
1048
1069
1078
1003
1105
1076
1063
1083
1078
1061
1048
1196
1082
1081
1054
1081
1011
1063
1159
1035
1082
1112
1078
1096
1093
1065
1074
1073
1069
1100
1062
1145
1079
1077
1036
1055
1085
1058
1103
1050
1038
1053
1094
1044
1032
966
1111
1033
1054
1124
1062
1069
1092
1064
1041
1055
1064
1065
1049
1072
1098
1081
1102
1065
1056
1053
1073
1119
977
1118
1075
1128
1074
1126
1180
1040
1050
1064
1094
1081
1019
1092
1092
1119
1087
1049
1085
1079
1048
1073
1066
1051
1052
1061
1039
1056
1069
1053
1093
1065
1125
1052
1103
990
1072
1089
1065
1061
1052
1104
1081
1027
1057
1097
1105
1123
1093
995
1080
1037
1060
1106
1075
963
1043
1053
1055
1044
1066
1049
1075
1090
1053
1093
997
1060
1076
1064
1076
1078
959
1091
1061
1054
1054
1093
1079
1037
1129
1058
1038
1034
1081
1049
1097
1052
1070
1051
1093
1137
1056
1086
1037
1076
1017
1077
1099
1056
1078
1117
1055
1196
1032
1089
1122
1099
1054
1078
1009
1040
1068
1137
1097
1134
1080
1028
1114
1019
1108
1110
1091
1033
1042
1059
1068
1060
990
1119
991
1097
1009
1074
1060
1082
1109
1104
1024
1079
1048
1059
1002
1115
1099
1055
1044
1077
1046
1099
1081
1048
1091
1061
1062
1079
1078
1070
1148
1079
1056
1111
1085
1088
1074
1035
1047
1059
1072
1065
1159
1072
1090
1052
1053
1065
1052
1072
1045
1101
1067
1121
1121
1018
1054
1057
1094
1093
1069
1098
1081
1076
1119
936
1058
1061
1094
1068
1076
1075
1061
1112
1047
1089
1092
1112
1089
1050
1065
1087
1112
1061
1097
1100
1079
1062
1058
1126
1067
1062
1087
1079
1123
1097
1054
1040
1040
1091
1086
1074
1072
1052
1088
1099
1072
1111
1053
1085
1013
1056
1091
1035
1102
1027
1055
1035
1102
1004
1062
1093
964
1082
1092
1055
1098
1056
1096
1097
1009
1036
1091
1088
1101
1050
1044
1050
1087
1121
1011
1075
1046
1082
1061
1022
1038
1073
1095
1001
1080
1076
1067
1033
1032
1066
1075
1069
1054
1093
1057
1059
1063
1072
1123
1053
1056
1106
1014
1060
1111
1068
1052
1044
1054
1024
1075
1062
1053
1091
1063
1058
1046
1075
1093
1088
1082
1054
1061
1012
1054
1050
1123
1066
1073
1093
1063
1040
1090
1031
1057
1068
1072
1076
1044
1090
1049
1080
1050
1070
1142
1068
1026
1048
972
989
1000
1043
1100
1106
1048
1083
1002
1106
1040
1085
1116
1012
1063
1095
1071
940
1100
1064
1077
1047
1102
1060
1081
1078
1103
1091
1114
1061
1078
1037
1032
1073
1058
1019
1133
1072
1021
1043
1091
1042
1051
1093
1025
1046
1110
1100
1040
1060
1033
1033
1117
1119
1078
1036
1040
1060
1055
1095
1047
1070
1022
1055
1081
1019
1083
1023
1039
1113
1096
1112
1054
1143
1042
1005
1027
1112
1093
1114
1078
1024
1096
1083
1055
1077
1024
1170
1045
1087
1085
1086
1131
1081
1108
1043
1104
1047
1079
1053
1106
1081
1116
1060
1052
1079
1055
1080
1046
1009
1086
1055
971
1027
1099
1029
1117
1047
1054
1025
1124
1067
1058
1036
1027
1072
1078
1113
1098
1085
1089
1081
1075
1097
1063
1118
1063
1107
1074
1038
1061
1050
1102
1049
1009
1029
1066
1055
1097
1060
1109
1111
1020
1071
1061
1041
1042
1095
1069
1008
1085
1006
1049
1038
1048
1059
1080
972
1056
1046
1094
1080
1040
1080
1082
1072
1063
1054
1093
1109
1097
1097
1078
1091
1074
1068
1033
1070
1046
1072
1017
1065
1109
1041
1082
1053
1045
1047
1040
1058
1039
1012
1087
1083
1105
1104
1092
1028
1092
991
1092
1025
1062
1076
1061
1071
1103
1047
1021
1046
1068
1173
1056
1104
1095
1091
1065
1044
1080
1040
1058
1047
1083
1081
1035
1089
1019
1063
965
1064
1075
1078
1160
1051
1049
997
1090
1108
1091
1043
1092
1081
1152
1067
1034
1076
1093
1091
1066
1062
1023
1082
1054
885
1072
975
1005
1120
1062
1128
1105
1159
958
1082
1040
1050
1091
1071
1026
1049
1076
1043
1036
1088
1130
1085
1098
1066
1093
1096
991
1079
1062
1028
972
1085
1099
1128
1109
1105
1082
1049
1049
1035
1050
1131
1075
1077
1063
1074
1071
1082
1027
1108
1071
1042
1018
1105
1090
1042
1091
1141
1040
1009
1090
1077
1063
1133
1050
1075
1031
977
1106
1055
1061
1082
952
1046
1111
1049
1066
1057
1097
1040
1055
1079
1109
974
1110
1024
1109
1040
1064
1042
1079
985
1061
1107
1078
1042
1099
1069
1081
1117
1077
1054
1088
1008
1119
1055
1085
1078
1056
1092
1041
1082
1101
1141
1081
1071
1077
1052
1017
1045
1089
1055
1075
1048
1064
1062
1043
1066
1169
1080
1063
1057
1076
1058
1092
1042
1064
1096
1069
1096
981
1094
1126
1032
1092
1075
984
1115
1087
1130
1033
1110
1100
1114
1132
1080
1052
1041
1071
1063
1074
951
1052
1058
1077
1035
1069
1100
1052
1029
1161
1183
1164
1074
1035
1054
1042
1092
1062
1085
1076
1075
1023
1067
1079
1057
1048
1047
1036
1064
1088
1077
1119
1103
1116
1003
1056
1078
1079
1065
1052
1041
1039
1070
1084
1097
1157
1086
1077
1040
1042
1091
1023
1115
1105
1066
1106
1046
1049
1020
1023
1038
1103
1091
1061
1066
1019
1045
1082
1148
1069
1023
1052
1026
1105
1055
1091
1052
1065
1063
991
1115
1034
1023
1093
1126
1006
1067
1053
1075
1058
1051
1047
1071
1084
1094
1072
1037
1042
1052
1055
1073
1070
1050
1130
1076
1099
1071
1076
1039
1123
1072
1039
1054
988
1088
1137
1040
1116
1072
1084
1077
1025
1012
1001
1088
1055
1046
1082
1043
1100
1072
1034
1033
1070
1057
1080
1049
1061
1033
1059
1097
1084
1105
1052
1099
1051
1059
1027
1065
1096
1100
1070
1060
1092
1023
1099
1068
1054
1091
1066
1059
1096
1094
1027
1075
1073
1059
1083
1040
1087
1073
1059
1076
1070
1058
1022
1127
1075
1093
1043
1090
1112
1052
1096
980
1060
1113
1150
1081
1021
1125
1109
1002
1096
1108
1042
1068
1084
1060
1020
1076
1039
1066
1050
1072
1086
1082
1074
1045
1117
1005
1101
963
1058
1006
1047
1035
1008
1078
1066
1102
1090
1059
1041
1041
1067
1069
980
1069
1019
1104
1092
1020
1040
1092
1054
1055
1084
1054
1084
1098
1085
1068
1070
1059
1083
1026
1033
1073
1087
1093
1044
1116
1060
1086
1100
1069
1107
1043
946
1034
1035
1084
1085
1036
966
1055
1077
1109
1092
1047
1074
1131
1085
1104
1101
1115
1078
1101
1074
1005
1097
1035
1083
1084
1060
1080
1091
1059
1091
1087
1030
1053
1132
1127
1100
1039
998
1089
1086
1010
1056
1016
1057
1170
1065
1038
1122
1039
1044
1053
1122
997
1090
1073
1092
1119
1083
1051
1041
1052
1053
1089
1024
1051
1101
1080
1065
1077
1127
1075
1077
1034
1034
1107
1107
1036
1065
1099
1116
1059
1005
1071
1110
1062
1071
1005
1077
1069
1109
1125
1063
1042
1123
1063
1072
1117
1090
1101
1062
1031
1121
1066
1044
1019
1133
1109
1059
1038
1048
1088
1081
1138
1112
1076
1037
1036
1049
1064
1110
1071
1028
1099
1070
1039
1062
1060
1053
1033
1083
1009
1118
1048
1074
1111
1076
1116
1048
1008
1026
1038
1077
924
1034
1049
1034
1076
1084
983
1104
1022
1071
1083
1107
1058
1083
1112
1030
1016
1093
1087
1087
1113
1066
988
1089
1075
1022
1051
1129
1054
1058
1078
1103
1136
1058
1030
1080
1081
1012
1082
1082
1087
1043
1075
1064
1074
1098
1021
1063
1080
1090
1039
1043
1039
1067
1060
961
1077
1135
1068
1051
1095
1122
1066
1001
1100
1059
1115
1092
1029
1053
1065
1048
1052
1178
1048
1065
1127
1141
1002
1090
1024
1090
1112
1047
1053
1015
1113
1078
1033
1071
1039
1067
1024
999
1143
1034
1148
1055
1101
1139
1103
1006
1083
1051
1068
1105
1068
1128
1081
1074
1037
1075
1104
1039
936
986
1028
1088
1108
1076
1095
1063
1154
1087
1105
1040
1073
1045
1037
1071
1099
1093
1066
1107
1069
1064
1032
1128
1052
1091
1064
1079
1092
1051
1018
1050
1084
1064
1058
1030
1073
1036
1038
1078
1076
1095
1018
1041
1090
1107
1079
1088
1069
1073
1050
1105
1110
1026
1061
1077
1061
1062
1096
1054
1103
1058
1047
1055
1093
1059
1057
1116
1108
1111
1083
1078
1043
1039
1019
1060
1080
1066
1071
1099
1053
1076
1062
1109
1069
1111
1059
1040
1104
1071
1040
1017
1115
1028
1068
1114
1036
1044
1079
1046
1065
1085
1006
989
1107
1077
1082
1053
1064
1141
1065
1106
1064
1085
1082
1082
1082
1053
1074
1034
1034
1096
1057
1018
1060
1065
999
1138
1033
1032
1037
1093
1160
1075
1073
1067
1080
1083
1091
1077
1068
1069
1034
1052
1070
1104
1067
1068
1112
1014
1059
1099
1091
1088
1046
1038
1044
1112
1088
1098
1045
1063
1035
1084
1042
1063
1118
1030
1010
1052
1075
1093
1052
1072
1061
1118
1061
1077
1023
1045
1067
1058
1084
1081
1092
1053
1154
1067
1075
1062
1065
1085
1097
1086
1042
1054
1090
1097
1071
1061
1032
1027
1060
1040
1137
1107
1042
1075
1074
1103
1074
1024
1074
1064
1085
1072
1075
1097
1049
1064
1122
1030
1071
1074
1050
1090
1029
1021
1047
1080
963
968
1036
1071
1080
1071
1102
1079
1101
1037
1073
1102
1057
1113
1092
916
1030
1115
1122
1054
1086
1090
1015
1087
1087
1071
1057
1123
1072
1092
1007
1037
1090
1079
1093
1070
1087
1085
1009
1043
1067
1008
1069
1103
1060
1049
1075
1156
1094
1133
1058
1079
1077
1075
1011
1069
1081
1036
1076
1010
1073
1128
1036
1098
1059
1065
1090
1070
1043
1104
1072
1096
1074
1145
1074
1038
1063
1023
1050
1036
1050
1166
1106
1107
1074
1062
1119
1005
1084
1064
1059
1096
1010
1096
1096
1020
1027
1074
1073
1108
1111
1129
1086
1119
1087
1069
1020
1099
1057
1096
1110
1115
1129
1067
1066
1104
1109
1074
1081
1012
1020
1028
1071
1168
1068
1036
1034
1057
1071
1149
1090
1049
1081
1069
1080
1048
1042
1034
1041
1072
1056
1059
1067
1094
1036
1085
1081
1099
1126
1081
1069
1100
1098
1080
1068
1012
1045
1078
1096
1015
1018
1042
1005
1012
1060
1105
1045
1075
1074
1084
1077
1087
1029
1085
1088
1087
1094
1064
1067
1118
1081
1109
1036
1124
1031
1046
1104
1094
1070
1038
1103
998
1066
1110
1056
1042
1070
1026
1048
1024
1122
1040
1094
1039
1038
1092
1010
1057
1069
1121
1059
1056
1026
1092
1070
1032
1095
1023
1041
1072
1059
1004
1049
1089
1095
1076
1108
1074
1108
1091
1077
1020
1080
1066
1061
1022
1068
1082
1067
1070
1106
1095
1030
1052
1035
1093
1125
1127
1129
1109
1071
967
1053
1079
1097
1052
1066
1034
1015
1081
1066
1066
1053
1065
1020
1087
1059
1094
1072
1072
1020
1119
1062
1055
1078
1024
1040
1032
1061
1044
1016
1036
1089
1090
1090
1044
1051
1077
1010
1080
1076
1059
1058
1084
1074
1044
1034
1078
961
1098
1003
1119
1073
1119
1026
1096
1093
1060
1105
1083
928
1088
1081
1020
1041
1016
1037
1074
1016
1045
1071
1084
1102
1077
1007
1075
1104
1051
1120
1085
1107
1062
1090
1036
1034
1095
1053
1112
1107
1035
1096
1110
1052
1035
1059
1077
1026
1023
1082
1057
1030
1145
1083
1040
1043
1047
1116
1074
1084
1087
1121
1100
1105
1028
1141
1054
1086
1064
1142
1032
1099
1030
1076
1086
1107
1066
1075
1071
1141
1047
1082
1134
1024
1083
1034
1097
1073
1052
1075
1066
1047
1031
1116
1084
1091
1081
1074
1090
1066
1009
1053
1095
1086
1019
1170
1087
1024
1120
1051
1082
1074
1114
1081
1021
1009
1072
1081
1045
1089
1071
1042
1018
1058
1074
1112
1043
1073
1042
1088
1071
1012
1076
1044
990
1034
1155
1085
1089
1068
1021
1056
1106
1048
1123
1092
1023
1035
1130
1085
994
1076
1038
1057
1084
1105
1161
1114
1017
1074
1075
1056
1139
1050
1152
1012
1081
1068
1066
1085
1115
1006
1085
1052
1084
1074
1093
1098
1038
1119
1147
1014
1033
1019
1053
1079
1042
1090
1087
1122
1101
1014
1031
1080
1109
1117
1085
1081
1078
1080
1037
1051
1073
1017
1085
1062
1112
1048
1110
1104
1094
1091
1076
1063
1071
1086
1030
1038
1043
1056
1076
1061
1070
1101
1088
1045
1035
1056
1066
1007
1090
1059
1076
1062
1007
1099
1099
1074
1042
1073
1069
1034
1053
1100
1094
1052
1067
1068
1074
1048
1069
1061
1091
1074
1130
1099
1074
1041
1100
1071
1060
1125
1119
1087
1119
1054
1062
1105
1030
1068
1082
1097
1039
1080
1060
1030
1094
1056
1118
1040
1033
1085
1110
1092
1021
1051
1076
1031
1104
1120
1091
1063
1016
1024
1094
1075
1065
1021
1095
1035
1090
1119
1097
1067
1085
1111
1029
1039
1045
1102
1006
1064
1065
1038
1112
1066
1046
1078
1106
1048
1124
1071
1068
1047
1083
1112
1110
1099
1105
1032
1093
1068
1062
1076
1062
1096
1117
1063
1067
1050
1021
1014
1116
1081
1061
1101
1094
1069
1069
1069
1033
1113
1053
983
1081
1072
1111
1074
1029
1048
1095
1062
1049
1027
1033
1006
1178
1045
970
1099
1083
1070
1082
1043
1023
1033
1088
1052
1097
995
1097
1033
1042
1044
1048
1010
1121
1044
1082
1093
1024
1049
1138
1066
1038
1074
1000
1070
1059
1083
1077
1062
1084
1000
1052
1060
1022
1080
1056
1114
1024
1079
1121
1101
1082
1006
1035
1046
986
1024
1124
1085
1053
1083
1015
1052
843
1100
1093
1025
1082
1068
1089
1079
1076
1061
1109
1071
1065
1035
1095
1057
1108
1010
1153
1084
1058
1103
1023
1068
1052
1086
1073
981
1108
1065
1009
1075
1053
1073
1056
1073
1036
999
1065
1022
1028
1038
1087
1085
1057
1075
1084
1080
1059
1089
1074
1070
1051
1057
1073
1109
1060
1109
1059
1036
1093
1090
1143
1091
1114
1041
1015
1079
1008
1032
1048
1060
1054
1007
1056
1097
1084
1067
1025
1097
1079
1065
1092
1048
1037
1020
1113
1092
1094
1046
1096
1064
1048
1106
1054
1069
1032
1097
1136
1050
1062
1095
1047
1056
1060
1005
1070
1029
1065
1066
1027
1054
1060
1015
1065
1089
1065
969
1114
1091
1094
1080
1022
1081
1025
1074
1090
1057
1072
1058
1055
1064
1057
1035
1089
1133
1042
1116
1001
1066
1030
1110
1053
1035
1080
1120
1062
1063
1137
1023
1094
1019
1047
1099
1075
1069
1093
1085
1138
1073
1024
1022
1083
1000
1123
1062
1105
1069
1076
1022
1095
1056
1122
1064
1051
1099
1017
1071
1059
996
1037
1102
1088
1091
1076
1058
1053
1009
1052
1083
1090
1090
1106
984
1039
1067
1024
1060
1078
1030
977
968
1064
1034
1114
1105
1098
1097
1061
1056
1052
1057
1028
1065
1085
1086
1135
1144
1096
1092
1122
1026
1049
1105
1063
1070
1098
1019
1110
1044
1060
1104
1151
1055
1092
1001
1065
1039
1084
1034
1096
1057
1023
1066
1120
1084
1041
1077
1025
1076
1084
1030
1061
1060
1057
1078
1081
1029
1092
990
1074
1053
1082
1093
1076
1148
1059
1061
1057
1014
1037
1052
1052
1077
1067
1061
982
1036
1049
1121
1074
1034
1074
1127
1033
1014
1120
1087
1070
1077
1102
1062
980
1122
1084
1070
1078
1064
1046
1103
977
1043
1084
1065
1073
985
1117
1076
1125
1087
1069
1117
1106
1055
1060
1034
1030
1049
1044
1033
1158
1093
1015
1084
1119
1069
1089
1071
1067
1057
1051
1058
1039
1089
1110
1118
1091
1092
1037
1058
1145
1103
1024
1066
1054
1059
1062
1109
1058
1140
1114
1051
1079
1079
1151
1077
1023
1078
1094
1079
1047
1077
1062
1114
1053
961
1054
1035
1070
1058
1013
1047
1096
1025
1069
1075
1087
1034
1079
1080
1072
1110
1053
1037
1023
1114
1014
1064
1103
1128
1017
1017
1135
1059
1067
1022
1069
1091
1013
1097
1099
1039
1117
1085
1079
1109
1054
1059
1059
1079
1049
1055
1100
1070
1087
1050
1047
1035
1095
1090
1087
1085
1111
1079
1069
1078
1144
1050
987
1001
1086
1098
1071
1078
1078
1096
1065
1080
1079
1098
1073
1048
1060
1066
1061
1095
1096
1077
1063
1090
1047
1033
1053
963
1090
1079
1065
1092
1078
1092
1106
1042
1128
1080
1086
1081
1055
1125
1043
1070
1057
1016
1090
1030
1049
1062
1050
1119
1037
1008
1044
1070
1003
1081
1063
1030
1014
1104
1090
1083
1059
1046
1081
1072
1069
1033
1073
1058
1149
1084
1097
1066
1082
1002
1088
1086
1103
1081
1105
1141
1065
1040
1077
1044
1089
1082
1029
1087
1071
1154
1087
1080
1079
1063
1084
1031
1090
1082
1044
1104
1036
1030
1066
1107
1032
1042
1029
1131
1079
1024
1039
1076
1094
1044
1080
1104
1093
1053
1047
1057
1017
1088
1082
1095
1061
1040
1045
1075
1058
1065
1076
1080
1084
1103
1078
1116
1048
1066
1085
1098
1116
1042
1083
1130
1077
1131
1022
1042
1050
1081
1013
1091
1052
1027
1049
1096
1021
1036
1065
1051
1168
1014
1036
1087
1061
1055
1122
1138
1091
1117
1048
1118
1051
1152
1059
1138
1073
1102
1140
1029
1088
1045
1070
1062
1132
1075
1055
1098
1039
1047
1038
1129
1075
1078
1119
1133
1148
1115
1048
1086
1029
1106
1113
1111
1063
1068
1046
1051
1013
1109
1120
1095
1113
1048
1015
1075
1069
1094
1108
980
1082
1057
1023
1085
1095
1052
1086
1059
1053
1084
991
1167
1099
1073
1035
1034
1000
988
1111
1046
1061
1098
1066
1083
1068
1079
1103
1039
1021
1100
1075
1056
1087
1061
1100
1081
1016
1076
1037
1124
1117
1102
1060
1055
1099
1093
1039
1074
1109
1083
1064
1048
1097
1082
1044
1044
1082
1084
1072
1041
1098
1054
1095
1042
1015
1044
1089
1160
1065
1106
1118
1052
1073
1086
1064
1083
1032
1049
1058
1120
1117
1011
1067
1072
1084
1057
1051
1075
1075
1060
1053
1110
1037
1098
1128
1076
1111
1056
1094
1082
1098
1025
1008
1079
1046
1105
1061
1127
1041
1065
1076
1037
1117
1083
1103
1026
1029
1138
1088
1122
1062
1060
1067
1061
1055
1056
1041
1063
1097
1091
1074
1026
1079
1150
1065
1077
1078
1056
1074
1078
1081
1067
1070
1034
1010
1016
1061
1077
1086
1079
1080
1033
1065
1023
1027
1102
1063
1092
1075
1114
1165
1097
1103
1076
1066
1024
1044
1083
1062
1030
1103
1077
1032
1087
1089
1025
1103
1072
1072
1060
1097
1076
1043
1087
1055
1065
1049
1095
1031
1052
1119
1039
1062
1075
1079
1071
1058
1135
1064
1099
1055
1122
1074
1014
1065
1059
1058
1051
1095
1081
1097
1042
1058
1047
1104
1067
1123
1066
1058
1085
1029
1076
1057
1030
1076
1055
1050
1025
1064
1088
1093
1087
1143
1018
1074
1043
1076
1008
1071
1030
1058
1042
1046
1123
1083
1087
1078
1068
990
1010
1000
1037
1034
1097
1141
1080
1083
1100
1071
1064
1029
1059
1044
1072
1071
1063
1096
1117
1058
1075
1121
1060
1071
1064
1115
1062
1056
1054
1100
1077
1074
1109
1104
1125
1073
1069
1063
1044
1065
1068
1043
1026
1018
1102
1067
1096
1019
1149
1122
1127
987
1096
1140
1183
1118
923
1063
1035
1028
1051
993
1082
1083
1092
1089
1070
1107
1066
1087
1094
1032
1005
1102
1015
1057
1089
1015
1057
1062
1074
1044
1070
1043
1055
1017
1069
1069
1067
1103
1004
1114
1063
1106
1038
1101
954
1090
1027
1137
1053
1041
1112
1062
1087
1134
1017
1047
1048
1051
1074
1017
1094
1094
1042
1079
983
1006
1127
1060
1032
1108
1026
1088
1048
1055
1108
1040
1106
1124
1115
1059
1068
1052
1082
1001
1051
1079
1040
1089
1076
1027
1072
1036
1076
1100
1133
1056
1031
1074
1043
1071
1063
1027
1080
1039
1120
1085
1099
1084
1074
1070
1124
1026
1087
1038
1082
1061
1040
1062
1032
1071
1086
942
1100
1077
1081
1083
1043
1077
1042
1063
1035
1034
1063
1092
1069
1072
1133
1095
1064
1069
1055
1082
1024
1028
1002
1095
1022
1112
1044
1053
987
1092
1069
1031
1034
1067
1082
1046
1075
1027
1032
1147
1091
1024
1092
1028
1073
1053
1059
1075
1074
1113
1108
1084
1070
1055
1055
1035
1050
1091
988
1073
1072
1058
1081
1100
1045
1046
1061
1082
1060
1119
1082
1088
1116
1055
1059
1058
1102
1053
1057
1131
1043
1066
1021
1121
1033
1078
1088
1046
1051
1093
1054
995
1061
1050
1094
1072
989
1060
1049
1072
1046
1120
1055
1066
1094
1140
1062
1091
1029
1066
1053
1019
1084
1012
1027
1036
1001
1037
1062
1076
1060
1047
1026
1072
1092
1053
1079
1000
1058
1025
1045
1094
1064
1121
1097
1091
1130
1072
1029
1143
994
1107
1059
1074
1096
1051
1028
1125
1075
1081
1111
1100
1059
1084
1065
1101
1106
1085
1083
1097
1113
1031
1082
1127
1074
1079
1044
1059
1060
977
1134
1053
1083
1101
1087
1075
1058
1036
1086
1078
1027
1031
1065
1079
1039
1127
1033
1138
1066
1094
998
1083
1084
990
1100
1054
968
1046
1092
1080
1198
1046
1073
1053
1090
1134
1072
1115
1075
1103
1069
1080
1054
1119
1071
1054
1111
1044
1080
1052
1020
1106
1069
1072
1095
1092
1055
1014
1014
1056
1135
1045
1058
996
1125
1071
1090
1054
1049
1102
1027
993
1070
1097
1015
1074
1096
1056
1030
992
992
1052
1051
1107
1036
1062
1084
1008
1062
1073
1072
1104
1106
1073
1061
1068
1142
1133
1143
1071
1043
1086
1091
962
1098
1051
1083
1085
1040
1015
1025
1077
1062
1062
1095
1080
1052
1058
1008
1128
1065
1097
1079
1057
1092
1071
1024
1078
1057
1010
1098
1074
1132
1072
1042
1178
1064
1071
1021
1090
1069
1045
1049
1104
1071
1139
1043
1110
1021
1026
1051
942
1059
1042
1023
1095
1096
1122
1067
1102
1061
1107
1086
1008
968
1089
1019
1100
1075
1092
1092
1009
1105
1028
1040
1116
1057
1074
1002
1036
1052
1053
1034
1075
1088
1093
1053
1058
1071
1104
1098
1120
1066
1131
1068
1029
1043
1088
1049
1110
1101
1128
1098
1076
1108
1108
1040
1070
1061
1082
1033
1038
1065
1067
1089
1036
1048
1099
1074
1083
1054
1045
1157
1057
1065
1035
1088
1059
1026
1063
1092
1044
1106
1123
1119
1103
1024
1110
1130
1057
1074
1045
1071
1083
1070
1024
1072
1097
1061
1043
1128
1044
1071
1087
1081
1069
1087
976
1100
1033
1053
1047
1027
1077
1106
1064
1110
1087
1067
1046
1087
1072
1039
1081
1093
1085
1017
1055
1100
1076
1056
1062
1114
1085
1061
1053
1072
993
1120
1086
1072
1021
1081
1084
1069
1007
1079
1070
1077
1060
1091
1058
1046
1091
1116
1115
1122
1016
1084
1044
1064
1136
1017
1055
1113
1099
1163
1052
1077
1016
1090
1077
997
1157
1046
1051
1060
967
1058
1036
1014
1081
1112
1068
1055
1052
1060
1074
1064
1035
1084
1045
1123
1074
1087
1142
1011
1033
1019
1114
1054
1019
1115
1055
1136
1093
1077
1009
1056
1058
1039
1095
1059
1192
1185
978
1091
1095
1086
1059
1036
1032
1062
1090
1019
1096
1136
1070
1071
1105
1060
1087
1083
1080
1096
1093
1090
1049
1070
1047
1080
1085
1050
1073
1018
1068
1001
1069
1070
1122
1043
1091
1090
1060
1030
1062
1070
1118
1107
1014
1069
1078
1046
1085
1060
1082
1058
1043
1082
1065
1097
1053
1084
1069
1117
1082
1077
1034
1063
1030
1119
975
1033
1080
1098
1055
1120
1059
1109
1075
1087
1067
1057
1097
1122
1014
1070
1102
1034
1103
1065
1048
1093
1043
1045
1038
955
1061
1068
1085
1083
1060
1054
1152
1021
1102
1015
1111
988
1082
1005
1068
1077
1003
1069
1077
1060
1060
1055
1134
1102
1041
1085
1078
1093
1058
1078
1089
1071
1067
1110
1068
1085
1056
1074
1016
1045
1091
1055
1088
1111
1029
1098
1025
1084
1060
1064
1041
1019
1055
1047
1059
1072
1041
1075
1040
1132
1049
1076
1041
1057
1055
1069
1020
1054
1036
1052
1051
1037
1087
1125
1072
1013
1081
1115
1042
1045
1121
1045
1056
1089
1055
1025
1111
1070
1098
1089
1070
1107
1066
1070
1082
1079
1029
1098
1037
1039
1076
1026
1078
1048
1077
1076
1114
1044
1024
1059
1054
1022
1079
1050
1044
1065
1086
1052
1085
997
1169
1061
1078
1043
1033
1063
1048
1108
1062
1142
901
971
1045
1082
1061
1035
1069
1079
1067
1061
1063
1070
1113
1137
1043
1033
1094
1071
1071
1134
1085
1053
1104
1115
1054
1062
1072
1077
1083
1139
1073
1101
1071
1049
1026
1062
1082
1120
1073
1070
1145
1062
1072
1085
1035
963
1072
1108
1031
1080
1059
1104
1054
1025
1019
1093
1075
1068
1051
1035
1021
1050
1083
1024
1005
1060
1061
1106
1115
1052
1082
1102
1033
1094
1084
1067
1038
1126
1090
1070
961
1013
1058
1066
1100
1101
1039
1072
1072
1111
1071
1035
1094
1040
1081
1039
1043
1042
1067
1071
1066
1062
1022
1129
1021
1039
1071
1076
1063
1105
1050
1045
1059
1136
1055
1106
1090
1031
1061
1060
1045
1053
1084
1110
1080
1037
1050
1100
1080
1083
1086
1073
1007
1046
1063
1050
998
1010
1104
1057
1123
1010
1076
1051
1010
1107
1044
1009
1120
1094
1110
1139
1069
1106
1020
939
1057
1085
1046
1042
1016
1059
1057
1081
1021
1082
1069
1046
1029
1009
1069
1080
1043
1036
1104
1050
1069
1070
1209
1033
1072
1127
1079
1050
1083
1031
1079
1096
1024
1031
1087
1061
1009
1081
1066
1103
1089
1017
1103
1055
1097
1061
1014
1077
1075
1082
1028
1045
1134
1057
1127
1049
1005
1041
1072
1009
1085
1076
1100
1104
973
1117
1081
1017
1046
1060
1017
1116
1090
1122
1020
1067
1138
1049
1078
1061
1055
1019
1115
1022
1086
1067
1067
1082
1043
1123
1070
1074
1033
1021
1067
1101
1054
1029
1011
1046
1090
1043
1103
1057
1102
1087
1089
1087
1045
1067
1031
1084
1080
1104
1071
976
1103
1053
1111
1021
1116
1058
1057
1031
1048
1135
1095
1009
1053
1070
1130
1072
1086
1090
1074
1039
1077
1050
1076
1100
1093
1047
1020
1094
1005
1112
1035
1091
1073
1062
1121
1069
1068
1073
1106
1056
1039
1081
1107
1098
1093
1101
967
1056
1064
1059
1010
1091
1076
1048
1030
1046
1059
1100
1026
1087
1085
1042
1072
1054
1093
1093
1070
1148
1094
1021
1029
1052
1037
1067
1089
1065
1060
1022
1067
1086
1071
1086
1067
1078
1090
1074
1084
1073
1071
1127
1050
1083
1084
1136
1128
1027
1069
1095
1119
1118
1134
1074
1111
1117
1058
1052
1023
1007
1069
1050
1114
1095
1061
1141
1076
1063
1095
1075
1073
1082
1099
1051
1058
1088
1069
1074
1082
1056
1065
1069
1053
1075
1111
1091
1095
1033
1063
1042
1059
1125
1041
1086
951
1060
1062
1095
1069
1125
1089
1083
1055
1077
1092
1049
1007
1068
1043
1036
1080
1114
1034
1094
1051
1074
1003
1064
1013
1075
1012
1072
1145
1114
1136
1098
1092
1072
1040
1040
1046
1036
1075
1047
1057
1068
1070
1074
1066
1073
1018
1081
1091
1155
1060
1094
1101
1067
1043
1060
1024
1076
1073
1013
1062
1047
1113
1090
1078
1038
1099
1079
1075
1047
1073
1060
1155
1094
1057
1021
1058
1093
1073
1057
1141
1038
1055
1109
1089
1048
1067
1055
961
993
1058
1109
1008
1067
988
1081
1055
1036
1111
1066
1078
1084
1059
1071
1058
1023
1013
1073
1072
1071
1010
1069
1092
1104
1089
1089
1099
1054
1161
1081
1029
1035
1049
1073
1073
1057
1079
1096
1039
1083
1054
1036
1058
1103
954
1074
1029
1058
1094
1059
1052
1066
1132
1051
1065
1081
1057
1060
1011
1043
1047
1053
1072
1082
1008
999
1075
1032
1059
1060
1064
1138
1095
1076
1057
1084
1093
1054
1065
1083
1045
1086
1024
1057
1061
1047
1027
1104
1107
1085
1059
1035
1042
1081
1078
1142
1095
1098
1072
1054
1055
1093
1022
1142
1089
1101
1085
1062
1077
1099
1039
1077
1085
1088
994
1036
1096
1073
1092
1054
1085
1094
1008
1029
1042
1062
1095
1106
1113
1098
1041
1003
1030
1069
1105
1015
1048
979
1052
1040
1131
1114
1071
1066
1111
1030
1104
1106
1037
1082
1102
1029
1063
1029
1092
1134
1120
1071
1149
1100
1051
1093
1067
1070
1066
1092
1097
1124
966
1069
1061
1069
1070
1096
1119
1082
1060
1078
1062
1099
1044
1099
1063
1095
1075
1092
1044
1128
1089
1079
1121
1075
1103
1079
1036
1139
1089
1054
1066
1071
1063
1051
1038
1033
1108
1088
1074
1061
1060
1062
1081
1134
1106
1115
1077
1058
1076
998
1115
1001
1086
1144
1067
1049
1060
1064
1090
949
1084
1040
1123
1050
1095
1027
1044
1092
1069
1030
1093
1040
1062
1078
1053
1091
1054
1051
1080
1029
1079
1087
1075
1128
1083
956
1049
1036
1056
1094
1124
1055
1110
1076
1075
1119
1075
998
1029
1141
1037
1082
1031
1053
1058
1004
1103
1098
1064
975
1075
1001
1044
1096
1038
1058
1078
1069
1008
1079
1063
1089
1055
1079
1115
1076
1081
1093
1040
1067
1179
1104
1057
1093
1081
1045
1170
1046
1011
1071
993
1107
1128
1120
1109
1062
1040
1056
1045
1063
1095
1181
1161
1072
1077
1037
1062
1086
1036
1081
1116
1101
1089
1058
1044
1105
1096
1005
1067
1036
1033
1120
979
1125
1091
1042
1074
1056
1105
1082
1062
1115
1145
1012
1074
1059
1178
1123
1136
1080
1077
1037
1098
1125
1027
1026
1111
1075
1075
1075
1074
1057
1044
1058
1083
1085
1026
1052
1060
1087
1114
1118
1143
1109
1053
1025
1072
1042
1074
1085
1095
1025
1015
1055
1053
1099
1128
1117
1000
1033
985
1062
1089
1081
1097
983
1096
1095
1038
1096
1058
1067
1100
1044
1060
1089
1091
1063
1126
1048
1026
1078
1046
1052
1086
1062
1035
1078
1037
1039
1079
1083
1079
1118
1045
1051
1079
1003
1050
1055
1078
1070
1048
1071
1096
1029
1079
1086
1037
1137
1082
1041
1063
1061
1120
1080
1068
1063
1094
1084
1057
1103
1073
1086
1080
1077
1052
1065
992
1098
1088
1009
1064
1081
1094
1079
1047
1058
1141
1055
1100
1072
1126
1036
1071
1055
1068
1046
1028
1057
1070
1045
1079
1047
1067
1073
1089
1115
1112
1037
1043
1101
964
1058
1033
1051
1046
1059
1061
1018
1079
1061
1061
1036
1049
1132
988
1046
1013
1015
1016
1084
1098
1066
1051
1021
1073
1057
1068
1052
1067
1095
1137
1037
1059
1079
1079
1080
1068
1078
1067
1124
1109
1053
1115
1102
1119
1097
1067
1074
982
1110
1074
1000
1101
1021
1096
1046
1004
1099
1002
1052
1079
1056
1042
1113
1045
1072
1014
1034
1025
1148
1050
1086
1072
1011
1037
1051
1036
1130
1022
1041
1077
1106
1106
1099
1073
1087
1052
1119
1010
1095
1042
1065
1041
1152
1086
1123
1077
1061
1047
1107
1109
1068
1085
1074
1084
1037
1075
1078
1139
1113
1083
1064
1022
1100
1095
1087
1068
1032
1043
991
1047
1073
1056
980
1077
1103
1079
1060
1048
1084
1024
1062
1070
1041
1062
1066
1131
1132
1092
1055
1067
1019
1080
1055
1025
1048
1031
1088
1033
1087
1020
1029
1034
1102
1117
1018
1130
1086
1104
1043
990
1050
1073
1040
1110
1013
1047
1097
1056
1083
1095
1070
1053
1129
1027
1064
1081
1073
997
1073
1043
1040
1079
1065
1021
1041
1086
1059
1111
1127
1010
1032
1115
1095
1070
1050
1120
1087
1064
1076
1086
1060
1139
1087
1084
1102
1087
1063
1053
1100
1071
1066
1152
1080
1041
1084
1116
1091
1123
1043
1099
1066
1082
1137
1145
1069
1054
1044
1079
1146
1097
1119
1094
1101
1094
1033
1063
1083
1056
1069
1095
1020
1097
1099
1072
1170
1106
1151
1065
1091
1092
1061
1063
1081
1054
1103
1013
1087
1034
1077
1056
1109
1055
1043
1031
1068
1053
1099
1073
1069
1095
1108
1004
1074
1015
987
1044
1068
1076
1040
1087
1024
1051
1088
1104
1103
1028
1078
1013
1084
1028
1051
1111
1044
1025
1052
1109
1082
1093
1087
1053
1006
1043
1070
1018
1079
984
1054
1071
1048
1075
1114
1033
1096
1063
1090
1074
1053
1031
1076
1099
1097
1076
994
1096
1110
1047
1033
1105
1100
1061
1068
1071
998
975
1101
1100
1073
1132
1117
1016
1002
1086
1053
1054
973
1038
1037
1136
1061
1068
1043
985
1056
1099
1068
1116
1055
1076
1040
1082
1101
1076
1087
1098
1060
1089
1061
1041
1055
1054
1005
1051
1067
1126
1084
1051
939
1084
1114
1064
1038
1050
1061
996
1062
1097
1061
1073
1163
999
1071
1048
1016
1065
1108
1063
1054
993
1026
1050
1040
1117
1073
1064
1122
1096
1038
1036
1039
1074
1087
1098
1089
1049
1103
1059
1039
1047
1136
1063
1093
1076
1075
1145
1064
1052
1076
1112
1076
1049
1018
1036
1043
1057
1102
1057
1073
1039
1050
1074
1030
1108
1013
1073
1092
1076
1136
1048
1134
1098
1113
1098
1077
1093
1048
1051
1085
1031
1042
1043
1083
1036
1041
1107
1030
937
1059
1090
1022
1041
980
1085
1107
1073
1012
1101
1060
990
1046
1112
1091
1056
1026
974
1077
1038
1035
1070
1115
1066
1077
1083
1110
1041
1065
1095
1105
1124
1114
1091
1044
1095
1078
1089
1078
1062
1087
1098
1080
1057
1049
1037
1053
1046
1111
1032
1140
1136
1037
1068
1063
1055
1097
1065
1063
1108
1072
1099
1113
1041
1055
1089
1041
1090
1109
1128
1139
1068
1072
1056
1143
1098
1098
957
1032
1011
1058
1072
1133
1029
1045
1023
1028
1052
1064
1080
1027
1063
1080
1058
1088
1095
1112
1067
1133
1050
1076
1107
1077
1030
1046
1027
1142
1118
998
1057
1094
1097
1037
1060
1037
1073
1096
1068
1051
1051
1103
1112
1022
1023
1081
1060
1013
1070
1040
1102
1040
1069
1029
1110
1009
1055
1033
1101
1060
1036
1084
1064
1106
1055
1097
1094
1076
1057
1085
1025
1142
1116
944
1080
1101
1047
1104
1125
1064
1072
1073
1046
1058
1060
1043
1037
1050
1066
1063
1050
1079
1078
1085
1058
1075
1041
1058
1071
1070
1038
1103
1074
1084
1058
1051
1118
1086
1110
1013
958
1005
1062
1077
1071
1041
1091
1107
987
1104
1066
1053
1056
1097
1082
1114
1103
1080
1044
1086
980
1042
1044
1095
1047
1096
1092
1048
1099
1055
1131
1086
1048
1082
1183
1130
1065
1104
1041
1110
1049
1045
1061
1023
1078
1033
